x,y,u
-0.420000,0.470000,1.5067499985e-01
-0.710000,-0.550000,4.8349999781e-02
0.480000,-0.270000,1.7417499988e-01
0.540000,-0.110000,1.7407499991e-01
0.180000,0.370000,2.0767499989e-01
-0.030000,0.540000,1.7687499992e-01
0.230000,-0.690000,1.1774999989e-01
-0.090000,-0.910000,4.0950000134e-02
0.570000,-0.560000,9.0374999809e-02
-0.970000,-0.090000,1.2749999353e-02
-0.710000,-0.330000,9.6749999842e-02
0.050000,-0.420000,2.0527499990e-01
0.550000,-0.110000,1.7134999992e-01
-0.800000,-0.380000,5.3899999795e-02
0.640000,0.100000,1.4509999994e-01
0.800000,0.600000,4.2775645839e-09
0.190000,-0.220000,2.2887499989e-01
-0.220000,0.880000,4.4299999843e-02
-0.390000,-0.060000,2.1107499990e-01
-0.200000,-0.280000,2.2039999989e-01
0.120000,0.170000,2.3917499989e-01
-0.110000,0.090000,2.4494999989e-01
0.550000,-0.670000,6.2149999790e-02
-0.600000,0.740000,2.3099999751e-02
0.860000,-0.420000,2.0999999771e-02
-0.510000,-0.590000,9.7949999815e-02
-0.810000,-0.150000,8.0349999965e-02
0.180000,-0.700000,1.1939999992e-01
0.370000,-0.590000,1.2874999985e-01
0.060000,0.810000,8.5075000094e-02
-0.830000,0.240000,6.3374999858e-02
0.540000,-0.590000,9.0074999809e-02
-0.400000,0.050000,2.0937499990e-01
0.310000,0.050000,2.2534999990e-01
0.650000,0.200000,1.3437499990e-01
-0.620000,0.360000,1.2149999985e-01
-0.040000,0.560000,1.7119999993e-01
0.090000,-0.260000,2.3107499990e-01
-0.130000,-0.020000,2.4567499990e-01
0.310000,0.460000,1.7307499987e-01
-0.640000,0.090000,1.4557499994e-01
0.790000,0.200000,8.3974999908e-02
-0.630000,-0.260000,1.3387499988e-01
-0.470000,-0.100000,1.9227499991e-01
-0.010000,0.500000,1.8747499991e-01
-0.480000,-0.640000,8.9999999812e-02
0.820000,0.490000,2.1874999757e-02
0.030000,-0.700000,1.2727499999e-01
0.420000,0.640000,1.0349999983e-01
-0.520000,-0.690000,6.3374999792e-02
-0.170000,0.980000,2.6749578095e-03
0.040000,0.420000,2.0549999990e-01
0.300000,0.690000,1.0847499986e-01
-0.420000,-0.300000,1.8339999988e-01
-0.610000,0.070000,1.5574999994e-01
0.100000,-0.070000,2.4627499990e-01
0.250000,0.540000,1.6147499988e-01
-0.090000,0.700000,1.2547499997e-01
0.040000,0.940000,2.8700000632e-02
0.440000,0.450000,1.5097499985e-01
0.070000,0.720000,1.1917499999e-01
-0.370000,-0.680000,1.0017499983e-01
-0.530000,-0.140000,1.7487499991e-01
-0.540000,-0.840000,6.9997709672e-04
-0.520000,0.300000,1.5989999987e-01
-0.170000,-0.730000,1.0954999993e-01
0.100000,0.350000,2.1687499990e-01
-0.870000,0.200000,5.0774999875e-02
0.830000,-0.450000,2.7149999770e-02
0.500000,-0.230000,1.7427499989e-01
-0.060000,0.110000,2.4607499990e-01
0.540000,-0.310000,1.5307499987e-01
0.470000,-0.450000,1.4414999985e-01
0.170000,0.890000,4.4749999902e-02
-0.020000,0.090000,2.4787499990e-01
0.480000,0.710000,6.6374999796e-02
0.840000,-0.160000,6.7199999949e-02
0.280000,-0.170000,2.2317499989e-01
-0.800000,-0.450000,3.9374999776e-02
0.380000,-0.300000,1.9139999988e-01
-0.620000,0.230000,1.4067499989e-01
-0.550000,0.790000,1.8349999644e-02
0.580000,0.270000,1.4767499988e-01
-0.240000,-0.600000,1.4559999989e-01
-0.400000,-0.640000,1.0759999983e-01
0.020000,0.140000,2.4499999990e-01
-0.630000,0.540000,7.7874999801e-02
-0.680000,-0.690000,1.5375000178e-02
-0.100000,0.100000,2.4499999989e-01
-0.050000,-0.600000,1.5937499994e-01
0.420000,-0.820000,3.7799999775e-02
0.530000,0.750000,3.9149999775e-02
-0.190000,-0.180000,2.3287499989e-01
0.410000,0.510000,1.4294999985e-01
0.760000,-0.380000,6.9499999810e-02
-0.790000,0.410000,5.1949999790e-02
-0.710000,0.580000,3.9874999775e-02
0.870000,-0.100000,5.8275000085e-02
-0.060000,-0.530000,1.7887499992e-01
0.250000,-0.530000,1.6414999988e-01
0.000000,-0.040000,2.4959999990e-01
0.760000,0.020000,1.0550000005e-01
0.450000,-0.700000,7.6874999806e-02
-0.530000,-0.530000,1.0954999982e-01
0.630000,-0.350000,1.2014999985e-01
-0.440000,-0.150000,1.9597499990e-01
-0.840000,-0.490000,1.3574999655e-02
0.640000,-0.310000,1.2357499986e-01
-0.890000,-0.430000,5.7500066489e-03
0.330000,0.640000,1.2037499985e-01
0.730000,0.150000,1.1114999995e-01
0.310000,-0.860000,4.1074999793e-02
-0.260000,0.820000,6.4999999847e-02
0.260000,-0.460000,1.8019999988e-01
0.680000,0.020000,1.3429999998e-01
-0.390000,-0.010000,2.1194999990e-01
0.380000,-0.920000,2.2999670689e-03
-0.320000,0.650000,1.1877499986e-01
0.990000,-0.050000,4.3499701228e-03
0.580000,-0.660000,5.6999999786e-02
-0.420000,0.710000,7.9874999811e-02
0.760000,0.140000,1.0069999996e-01
0.070000,-0.400000,2.0877499990e-01
0.320000,0.620000,1.2829999986e-01
-0.110000,-0.270000,2.2874999989e-01
-0.260000,0.950000,7.4750021891e-03
0.630000,0.270000,1.3254999988e-01
0.750000,0.520000,4.1774999777e-02
-0.680000,-0.480000,7.6799999803e-02
0.030000,-0.970000,1.4550001207e-02
0.870000,0.220000,4.8674999851e-02
0.900000,0.140000,4.2599999956e-02
-0.040000,-0.640000,1.4719999995e-01
-0.830000,-0.190000,6.8749999910e-02
0.820000,-0.130000,7.7674999997e-02
-0.220000,-0.820000,6.9799999881e-02
-0.590000,-0.570000,8.1749999803e-02
0.530000,0.230000,1.6654999989e-01
-0.030000,0.760000,1.0537500005e-01
-0.900000,-0.430000,1.2749727128e-03
-0.870000,0.460000,7.8749969811e-03
-0.240000,-0.800000,7.5599999870e-02
0.280000,0.280000,2.1079999989e-01
-0.460000,-0.060000,1.9619999991e-01
0.600000,0.200000,1.4999999990e-01
0.740000,-0.200000,1.0309999991e-01
0.590000,-0.790000,6.9500109635e-03
-0.130000,-0.070000,2.4454999990e-01
-0.690000,-0.660000,2.2074999741e-02
-0.780000,-0.530000,2.7674999771e-02
-0.060000,-0.240000,2.3469999990e-01
-0.690000,-0.090000,1.2894999996e-01
0.550000,-0.710000,4.8349999781e-02
-0.680000,-0.530000,6.4174999792e-02
-0.610000,-0.570000,7.5749999799e-02
0.120000,-0.550000,1.7077499991e-01
-0.330000,0.100000,2.2027499990e-01
-0.180000,0.850000,6.1274999915e-02
-0.260000,0.790000,7.7074999859e-02
-0.240000,-0.410000,1.9357499989e-01
0.020000,-0.930000,3.3675000786e-02
0.010000,-0.540000,1.7707499992e-01
-0.940000,0.250000,1.3475000950e-02
0.480000,0.740000,5.5499999788e-02
-0.570000,0.140000,1.6387499991e-01
0.240000,-0.150000,2.2997499989e-01
0.510000,-0.470000,1.2974999984e-01
-0.050000,0.780000,9.7275000061e-02
0.060000,0.060000,2.4819999990e-01
-0.770000,-0.250000,8.6149999871e-02
-0.160000,-0.740000,1.0669999994e-01
0.920000,-0.160000,3.1999999878e-02
0.010000,-0.200000,2.3997499990e-01
-0.470000,-0.170000,1.8754999990e-01
-0.440000,-0.510000,1.3657499984e-01
-0.180000,0.300000,2.1939999989e-01
-0.370000,0.260000,1.9887499989e-01
0.470000,0.770000,4.6549999781e-02
0.780000,0.610000,4.8749923087e-03
0.440000,-0.390000,1.6357499986e-01
-0.700000,-0.210000,1.1647499990e-01
0.410000,-0.190000,1.9894999989e-01
-0.280000,-0.420000,1.8629999988e-01
0.430000,0.050000,2.0314999990e-01
-0.030000,0.210000,2.3874999990e-01
-0.090000,-0.160000,2.4157499989e-01
0.690000,0.220000,1.1887499990e-01
-0.480000,0.750000,5.1774999785e-02
0.960000,-0.020000,1.9500001434e-02
0.080000,0.340000,2.1949999990e-01
0.230000,-0.570000,1.5554999989e-01
-0.850000,0.410000,2.7349999762e-02
0.040000,0.560000,1.7119999993e-01
-0.130000,0.120000,2.4217499989e-01
0.560000,0.790000,1.5575000353e-02
0.450000,-0.710000,7.3349999803e-02
0.020000,0.270000,2.3167499990e-01
0.350000,-0.790000,6.3349999810e-02
-0.990000,0.090000,2.9499554393e-03
-0.300000,-0.340000,1.9859999988e-01
-0.050000,-0.300000,2.2687499990e-01
0.450000,0.170000,1.9214999990e-01
0.440000,0.090000,1.9957499990e-01
-0.660000,-0.480000,8.3499999808e-02
0.200000,0.080000,2.3839999990e-01
0.620000,0.310000,1.2987499986e-01
-0.730000,0.490000,5.6749999788e-02
0.820000,0.120000,7.8300000013e-02
-0.010000,-0.070000,2.4874999990e-01
-0.430000,-0.870000,1.4550000432e-02
0.270000,0.050000,2.3114999990e-01
0.510000,-0.840000,8.5749942160e-03
-0.800000,0.280000,7.0399999842e-02
-0.520000,0.100000,1.7989999991e-01
0.660000,0.110000,1.3807499994e-01
0.240000,0.430000,1.8937499989e-01
-0.150000,-0.710000,1.1834999994e-01
-0.770000,-0.350000,7.1149999818e-02
-0.120000,-0.700000,1.2389999995e-01
0.380000,-0.560000,1.3549999985e-01
-0.380000,-0.880000,2.0299999666e-02
-0.640000,0.660000,3.8699999774e-02
-0.050000,0.160000,2.4297499990e-01
0.050000,0.670000,1.3714999997e-01
-0.140000,0.430000,1.9887499990e-01
0.610000,-0.050000,1.5634999994e-01
0.010000,0.990000,4.9499813363e-03
0.400000,-0.810000,4.5974999785e-02
0.690000,-0.370000,9.6749999832e-02
-0.370000,-0.080000,2.1417499990e-01
0.170000,0.540000,1.6987499990e-01
-0.240000,0.540000,1.6269999989e-01
-0.660000,-0.590000,5.4074999784e-02
0.010000,-0.810000,8.5950000133e-02
-0.530000,-0.740000,4.2874999777e-02
0.560000,-0.460000,1.1869999983e-01
0.710000,-0.060000,1.2307499999e-01
-0.250000,0.790000,7.8349999866e-02
0.550000,0.320000,1.4877499987e-01
0.720000,0.610000,2.7374999764e-02
0.650000,0.480000,8.6774999810e-02
0.070000,0.630000,1.4954999994e-01
0.610000,0.150000,1.5134999992e-01
-0.780000,0.250000,8.2274999869e-02
0.370000,0.740000,7.8874999819e-02
0.850000,-0.450000,1.8749999634e-02
0.900000,0.160000,4.1099999910e-02
0.130000,-0.560000,1.6737499991e-01
-0.140000,-0.150000,2.3947499989e-01
0.490000,0.620000,9.3874999814e-02
-0.830000,0.380000,4.1674999782e-02
0.100000,-0.720000,1.1789999998e-01
0.420000,-0.270000,1.8767499988e-01
0.590000,-0.530000,9.2749999811e-02
0.610000,-0.210000,1.4594999990e-01
-0.400000,0.710000,8.3974999817e-02
0.780000,0.470000,4.2674999778e-02
-0.750000,0.150000,1.0374999995e-01
0.260000,-0.230000,2.1987499989e-01
0.550000,0.490000,1.1434999983e-01
-0.860000,0.440000,1.6699999764e-02
0.070000,-0.820000,8.0675000095e-02
-0.020000,0.930000,3.3675000786e-02
-0.050000,-0.760000,1.0497500004e-01
0.070000,0.200000,2.3877499990e-01
-0.550000,0.530000,1.0414999982e-01
-0.080000,0.700000,1.2589999997e-01
-0.630000,0.090000,1.4874999994e-01
0.170000,-0.670000,1.3054999992e-01
-0.720000,0.470000,6.5174999796e-02
0.310000,0.920000,1.4374999941e-02
-0.770000,-0.540000,2.8874999767e-02
-0.180000,-0.800000,8.1899999928e-02
0.880000,-0.070000,5.5175000199e-02
-0.390000,0.050000,2.1134999990e-01
-0.760000,-0.530000,3.5374999772e-02
-0.510000,-0.060000,1.8407499991e-01
-0.020000,0.100000,2.4739999990e-01
0.630000,-0.540000,7.7874999801e-02
-0.840000,-0.340000,4.4699999792e-02
-0.740000,0.280000,9.3499999859e-02
0.680000,0.210000,1.2337499990e-01
0.390000,-0.410000,1.6994999987e-01
0.340000,-0.480000,1.6349999987e-01
-0.180000,0.740000,1.0499999993e-01
-0.300000,-0.180000,2.1939999989e-01
-0.400000,0.340000,1.8109999987e-01
0.880000,-0.450000,5.7750162632e-03
-0.700000,-0.310000,1.0347499985e-01
-0.490000,-0.090000,1.8794999991e-01
0.100000,0.410000,2.0547499990e-01
0.030000,-0.260000,2.3287499990e-01
-0.590000,0.780000,1.0874997044e-02
0.850000,0.080000,6.7775000119e-02
0.100000,-0.290000,2.2647499990e-01
-0.250000,-0.030000,2.3414999990e-01
0.040000,-0.950000,2.3975000686e-02
-0.960000,-0.130000,1.5375000112e-02
0.570000,-0.060000,1.6787499993e-01
-0.100000,-0.550000,1.7187499992e-01
