x,y,z,u
0.000000,0.300000,0.000000,1.5166666667e-01
0.350000,0.500000,0.250000,9.4166666667e-02
-0.500000,-0.750000,-0.200000,2.4583333333e-02
-0.100000,0.850000,0.200000,3.7916666667e-02
-0.600000,0.050000,-0.550000,5.5833333333e-02
0.150000,-0.500000,-0.200000,1.1458333333e-01
0.050000,0.500000,-0.150000,1.2083333333e-01
0.100000,-0.550000,0.050000,1.1416666667e-01
-0.600000,-0.250000,0.450000,6.2500000000e-02
-0.650000,-0.200000,0.200000,8.2916666667e-02
0.350000,-0.150000,0.400000,1.1583333333e-01
-0.300000,0.150000,0.200000,1.4125000000e-01
-0.050000,0.250000,0.900000,2.0833333333e-02
-0.450000,0.150000,0.450000,9.5416666667e-02
-0.100000,0.600000,0.300000,9.0000000000e-02
0.150000,0.400000,-0.100000,1.3458333333e-01
0.200000,-0.800000,-0.300000,3.8333333333e-02
0.000000,0.100000,-0.600000,1.0500000000e-01
0.350000,0.650000,0.150000,7.2083333333e-02
-0.400000,-0.450000,0.500000,6.4583333333e-02
0.000000,-0.250000,-0.500000,1.1458333333e-01
0.000000,-0.350000,0.500000,1.0458333333e-01
0.350000,0.550000,-0.150000,9.2083333333e-02
-0.650000,0.000000,0.650000,2.5833333333e-02
0.600000,-0.300000,0.350000,7.1250000000e-02
-0.250000,-0.200000,-0.350000,1.2916666667e-01
0.400000,-0.350000,0.400000,9.2916666667e-02
0.650000,0.200000,0.350000,6.9166666667e-02
0.100000,-0.300000,0.300000,1.3500000000e-01
0.000000,-0.250000,-0.350000,1.3583333333e-01
-0.550000,0.750000,0.000000,2.2500000000e-02
0.050000,0.600000,-0.050000,1.0583333333e-01
-0.750000,0.400000,0.150000,4.2500000000e-02
-0.250000,-0.100000,0.200000,1.4791666667e-01
-0.350000,0.050000,0.300000,1.3083333333e-01
0.050000,0.100000,-0.250000,1.5416666667e-01
-0.300000,0.150000,0.750000,5.4166666667e-02
0.450000,0.100000,0.200000,1.2458333333e-01
0.600000,0.200000,-0.650000,2.9583333333e-02
-0.300000,0.150000,-0.150000,1.4416666667e-01
0.350000,-0.450000,0.150000,1.0875000000e-01
0.300000,0.400000,-0.300000,1.1000000000e-01
-0.300000,-0.350000,-0.200000,1.2458333333e-01
-0.300000,-0.450000,-0.350000,9.7500000000e-02
-0.700000,-0.350000,0.000000,6.4583333333e-02
-0.050000,0.200000,0.650000,8.9166666667e-02
-0.450000,0.200000,0.800000,1.9583333333e-02
0.150000,0.350000,-0.600000,8.2500000000e-02
-0.200000,-0.550000,-0.050000,1.0916666667e-01
-0.450000,-0.350000,0.700000,3.0833333333e-02
-0.400000,0.450000,0.150000,1.0250000000e-01
0.150000,0.550000,-0.050000,1.1208333333e-01
0.400000,0.450000,-0.400000,7.9583333333e-02
-0.250000,-0.300000,-0.600000,8.1250000000e-02
0.400000,-0.300000,0.250000,1.1458333333e-01
-0.050000,-0.900000,0.050000,3.0833333333e-02
-0.350000,0.300000,0.350000,1.1083333333e-01
0.500000,-0.450000,-0.450000,5.7500000000e-02
0.600000,0.100000,-0.450000,7.1250000000e-02
0.250000,0.050000,-0.150000,1.5208333333e-01
0.600000,-0.650000,0.150000,3.2500000000e-02
-0.400000,-0.700000,-0.250000,4.7916666667e-02
0.250000,-0.100000,-0.250000,1.4416666667e-01
-0.500000,-0.100000,-0.300000,1.0833333333e-01
0.250000,0.150000,0.650000,8.2083333333e-02
0.350000,-0.300000,-0.650000,6.0833333333e-02
-0.450000,-0.200000,-0.500000,8.4583333333e-02
-0.400000,-0.050000,0.150000,1.3583333333e-01
0.100000,-0.800000,-0.500000,1.6666666667e-02
-0.450000,0.350000,0.100000,1.1083333333e-01
-0.600000,0.400000,-0.350000,5.9583333333e-02
0.650000,-0.550000,-0.150000,4.2083333333e-02
-0.500000,0.450000,0.400000,6.4583333333e-02
-0.650000,0.500000,0.300000,3.9583333333e-02
-0.300000,-0.200000,0.650000,7.4583333333e-02
-0.500000,-0.050000,-0.500000,8.2916666667e-02
-0.550000,0.150000,0.650000,4.2083333333e-02
0.800000,-0.400000,-0.150000,2.9583333333e-02
0.150000,-0.200000,-0.700000,7.4583333333e-02
0.050000,0.050000,-0.900000,3.0833333333e-02
-0.250000,-0.700000,0.550000,2.4166666667e-02
0.350000,-0.300000,0.350000,1.1083333333e-01
-0.500000,0.100000,0.800000,1.6666666667e-02
-0.300000,0.550000,0.250000,9.0833333333e-02
-0.400000,-0.150000,0.150000,1.3250000000e-01
-0.450000,-0.550000,0.250000,7.2083333333e-02
-0.400000,-0.700000,-0.200000,5.1666666667e-02
0.000000,-0.800000,-0.250000,4.9583333333e-02
0.550000,0.650000,-0.400000,1.9166666667e-02
-0.600000,-0.300000,-0.500000,5.0000000000e-02
-0.100000,-0.650000,0.050000,9.4166666667e-02
-0.450000,-0.250000,0.200000,1.1583333333e-01
0.050000,0.400000,0.750000,4.5833333333e-02
0.350000,0.300000,0.800000,2.4583333333e-02
0.450000,-0.100000,0.300000,1.1625000000e-01
0.000000,0.100000,-0.900000,3.0000000000e-02
-0.050000,0.500000,-0.400000,9.7916666667e-02
0.350000,0.200000,-0.800000,3.2916666667e-02
0.350000,0.500000,-0.450000,7.0833333333e-02
0.400000,-0.200000,-0.100000,1.3166666667e-01
0.400000,-0.250000,0.150000,1.2583333333e-01
-0.050000,0.300000,-0.550000,1.0083333333e-01
-0.050000,-0.200000,0.050000,1.5916666667e-01
0.300000,-0.050000,0.750000,5.7500000000e-02
0.300000,-0.400000,-0.300000,1.1000000000e-01
-0.650000,-0.100000,-0.100000,9.2916666667e-02
-0.550000,-0.550000,0.200000,5.9166666667e-02
-0.100000,0.450000,0.700000,4.9583333333e-02
0.550000,0.250000,0.000000,1.0583333333e-01
-0.200000,-0.300000,0.700000,6.3333333333e-02
-0.150000,-0.650000,-0.250000,8.2083333333e-02
0.250000,0.100000,-0.850000,3.4166666667e-02
-0.600000,-0.550000,-0.300000,4.1250000000e-02
-0.800000,0.400000,-0.050000,3.2916666667e-02
0.000000,-0.550000,-0.400000,8.9583333333e-02
-0.500000,0.500000,-0.450000,4.9583333333e-02
-0.100000,-0.750000,-0.100000,6.9583333333e-02
-0.100000,0.750000,-0.200000,6.4583333333e-02
-0.200000,-0.500000,0.250000,1.0791666667e-01
0.250000,0.050000,-0.850000,3.5416666667e-02
0.200000,0.200000,0.350000,1.3291666667e-01
-0.650000,-0.500000,-0.250000,4.4166666667e-02
0.250000,-0.500000,0.300000,9.9583333333e-02
0.400000,-0.750000,-0.200000,3.9583333333e-02
0.150000,0.600000,0.400000,7.6250000000e-02
0.250000,-0.750000,0.500000,2.0833333333e-02
0.250000,-0.700000,0.300000,5.9583333333e-02
-0.700000,-0.250000,0.450000,4.0833333333e-02
-0.050000,-0.650000,0.550000,4.5416666667e-02
-0.300000,0.650000,0.000000,8.1250000000e-02
0.400000,-0.700000,-0.350000,3.7916666667e-02
0.600000,0.350000,-0.400000,5.9583333333e-02
0.700000,0.050000,-0.150000,8.0833333333e-02
0.000000,-0.200000,0.200000,1.5333333333e-01
0.100000,-0.700000,-0.100000,8.1666666667e-02
-0.600000,-0.050000,0.450000,7.2500000000e-02
-0.500000,0.550000,0.200000,6.7916666667e-02
-0.850000,-0.050000,-0.100000,4.4166666667e-02
-0.050000,-0.600000,-0.550000,5.5833333333e-02
-0.400000,-0.200000,0.500000,9.1666666667e-02
-0.800000,0.400000,-0.300000,1.8333333333e-02
-0.550000,0.000000,-0.100000,1.1458333333e-01
-0.100000,0.400000,-0.150000,1.3458333333e-01
-0.200000,-0.150000,0.450000,1.2250000000e-01
-0.450000,-0.450000,-0.350000,7.8750000000e-02
-0.250000,0.100000,-0.200000,1.4791666667e-01
-0.050000,-0.700000,-0.150000,8.0833333333e-02
-0.050000,-0.050000,0.100000,1.6416666667e-01
-0.750000,0.000000,-0.500000,3.1250000000e-02
0.800000,0.350000,0.250000,2.9166666667e-02
-0.350000,0.050000,0.250000,1.3541666667e-01
0.350000,0.800000,-0.250000,2.9166666667e-02
-0.750000,0.200000,0.450000,3.2500000000e-02
0.200000,0.700000,-0.050000,7.7916666667e-02
0.300000,-0.650000,-0.500000,3.9583333333e-02
0.200000,0.350000,0.100000,1.3791666667e-01
0.000000,-0.400000,0.500000,9.8333333333e-02
-0.100000,-0.250000,0.750000,6.0833333333e-02
0.550000,-0.050000,0.000000,1.1583333333e-01
0.200000,0.100000,0.400000,1.3166666667e-01
0.700000,0.300000,-0.300000,5.5000000000e-02
0.350000,-0.450000,0.500000,7.0833333333e-02
0.050000,0.250000,-0.750000,6.2083333333e-02
0.100000,-0.050000,0.550000,1.1416666667e-01
0.000000,-0.200000,0.450000,1.2625000000e-01
-0.050000,-0.050000,-0.750000,7.2083333333e-02
0.300000,-0.400000,0.450000,9.1250000000e-02
-0.200000,0.000000,0.900000,2.5000000000e-02
0.250000,0.000000,0.700000,7.4583333333e-02
-0.050000,-0.500000,-0.750000,3.0833333333e-02
0.100000,0.050000,0.550000,1.1416666667e-01
-0.100000,0.250000,0.200000,1.4791666667e-01
-0.100000,0.500000,-0.300000,1.0833333333e-01
-0.250000,-0.550000,0.050000,1.0541666667e-01
0.100000,-0.300000,0.750000,5.6250000000e-02
-0.800000,0.100000,0.400000,3.1666666667e-02
0.400000,0.100000,-0.500000,9.6666666667e-02
0.150000,-0.800000,-0.100000,5.4583333333e-02
-0.600000,0.350000,0.300000,7.1250000000e-02
0.250000,0.350000,0.500000,9.4166666667e-02
0.400000,0.050000,0.600000,7.9583333333e-02
-0.100000,0.350000,0.350000,1.2416666667e-01
0.100000,0.150000,0.500000,1.1958333333e-01
-0.050000,0.050000,-0.400000,1.3916666667e-01
0.100000,-0.700000,-0.450000,4.9583333333e-02
-0.100000,0.500000,-0.200000,1.1666666667e-01
0.350000,0.450000,-0.450000,7.8750000000e-02
-0.600000,0.250000,0.650000,2.5833333333e-02
-0.200000,0.250000,0.000000,1.4958333333e-01
0.050000,0.400000,-0.500000,9.7916666667e-02
-0.100000,0.700000,0.500000,4.1666666667e-02
-0.050000,-0.200000,0.000000,1.5958333333e-01
0.300000,-0.450000,-0.600000,5.7916666667e-02
0.500000,-0.400000,-0.600000,3.8333333333e-02
-0.600000,-0.100000,0.500000,6.3333333333e-02
0.250000,-0.650000,-0.400000,5.9166666667e-02
0.150000,0.400000,0.400000,1.0958333333e-01
-0.100000,-0.150000,-0.400000,1.3458333333e-01
-0.100000,0.400000,0.000000,1.3833333333e-01
0.700000,0.350000,-0.200000,5.7916666667e-02
-0.200000,0.900000,-0.200000,1.8333333333e-02
0.050000,0.100000,-0.400000,1.3791666667e-01
0.150000,0.350000,-0.700000,6.0833333333e-02
-0.600000,0.200000,0.250000,8.9583333333e-02
0.000000,-0.050000,-0.150000,1.6250000000e-01
0.450000,-0.550000,0.200000,7.5833333333e-02
0.500000,-0.400000,-0.350000,7.7916666667e-02
-0.200000,-0.750000,-0.300000,5.1250000000e-02
0.450000,-0.400000,-0.050000,1.0583333333e-01
-0.550000,0.600000,0.450000,2.2500000000e-02
-0.600000,0.100000,0.350000,8.4583333333e-02
-0.250000,-0.300000,0.500000,9.9583333333e-02
-0.450000,-0.500000,0.550000,4.0833333333e-02
0.250000,0.800000,-0.050000,4.9166666667e-02
-0.150000,0.650000,-0.150000,8.8750000000e-02
-0.600000,-0.200000,0.200000,9.3333333333e-02
-0.200000,0.650000,0.650000,1.9166666667e-02
0.350000,-0.100000,0.600000,8.4583333333e-02
0.200000,0.650000,-0.500000,4.7916666667e-02
0.350000,0.100000,-0.500000,1.0291666667e-01
0.300000,0.350000,-0.750000,3.7500000000e-02
0.400000,0.400000,0.050000,1.1291666667e-01
-0.250000,0.500000,-0.050000,1.1416666667e-01
0.100000,0.300000,0.600000,9.0000000000e-02
-0.150000,-0.650000,-0.600000,3.2500000000e-02
-0.150000,-0.800000,-0.200000,4.9583333333e-02
0.150000,0.300000,-0.250000,1.3750000000e-01
-0.150000,0.050000,0.350000,1.4208333333e-01
-0.300000,0.350000,-0.050000,1.3083333333e-01
-0.350000,-0.500000,0.500000,6.2916666667e-02
0.550000,0.550000,-0.450000,3.2083333333e-02
0.500000,-0.400000,-0.500000,5.6666666667e-02
-0.500000,-0.600000,-0.400000,3.8333333333e-02
-0.800000,0.300000,-0.250000,3.4583333333e-02
0.200000,0.350000,-0.500000,9.7916666667e-02
0.450000,-0.700000,0.050000,5.0833333333e-02
0.300000,-0.650000,0.500000,3.9583333333e-02
-0.450000,-0.050000,0.500000,9.0833333333e-02
0.400000,-0.450000,-0.400000,7.9583333333e-02
0.000000,-0.250000,-0.700000,7.4583333333e-02
0.650000,0.050000,-0.200000,8.9166666667e-02
-0.450000,0.450000,-0.500000,5.7500000000e-02
-0.600000,-0.550000,0.150000,5.2500000000e-02
0.500000,-0.400000,0.400000,7.1666666667e-02
0.200000,-0.300000,0.750000,5.1250000000e-02
-0.250000,0.000000,0.550000,1.0583333333e-01
0.200000,0.200000,-0.700000,7.1666666667e-02
0.250000,-0.500000,0.250000,1.0416666667e-01
0.750000,-0.200000,-0.400000,3.9583333333e-02
0.050000,0.700000,-0.350000,6.4166666667e-02
0.050000,0.200000,0.150000,1.5583333333e-01
0.750000,-0.500000,-0.300000,1.6250000000e-02
0.200000,0.250000,-0.450000,1.1583333333e-01
0.000000,-0.300000,0.850000,3.1250000000e-02
-0.250000,0.700000,-0.500000,3.2916666667e-02
0.500000,-0.200000,0.350000,9.7916666667e-02
-0.600000,0.050000,0.050000,1.0583333333e-01
0.050000,-0.850000,-0.200000,3.9166666667e-02
-0.050000,0.450000,-0.700000,5.0833333333e-02
0.400000,0.600000,-0.450000,4.6250000000e-02
0.400000,-0.500000,-0.600000,3.8333333333e-02
-0.050000,0.050000,0.450000,1.3208333333e-01
-0.200000,0.050000,0.350000,1.3916666667e-01
0.200000,0.150000,-0.050000,1.5583333333e-01
0.300000,0.250000,-0.750000,4.7500000000e-02
0.200000,-0.200000,-0.200000,1.4666666667e-01
-0.050000,-0.250000,-0.100000,1.5416666667e-01
0.450000,-0.100000,-0.500000,8.9583333333e-02
-0.500000,-0.100000,-0.500000,8.1666666667e-02
-0.350000,-0.150000,-0.100000,1.4083333333e-01
0.500000,-0.350000,0.150000,1.0083333333e-01
-0.300000,0.100000,0.450000,1.1625000000e-01
0.050000,-0.800000,-0.350000,3.9166666667e-02
-0.100000,-0.600000,0.300000,9.0000000000e-02
0.700000,0.400000,0.150000,5.4583333333e-02
0.100000,0.450000,0.350000,1.1083333333e-01
-0.200000,-0.650000,-0.300000,7.4583333333e-02
-0.550000,-0.400000,0.050000,8.9166666667e-02
-0.050000,-0.600000,-0.200000,9.9583333333e-02
0.450000,-0.150000,0.800000,2.2500000000e-02
-0.300000,0.000000,0.050000,1.5125000000e-01
0.850000,-0.400000,0.100000,1.7916666667e-02
-0.300000,-0.250000,-0.300000,1.2625000000e-01
0.750000,-0.200000,-0.050000,6.5833333333e-02
-0.150000,-0.150000,0.350000,1.3875000000e-01
-0.050000,0.200000,-0.700000,7.7916666667e-02
0.650000,0.000000,-0.350000,7.5833333333e-02
0.550000,-0.300000,-0.500000,5.9583333333e-02
0.700000,0.200000,-0.150000,7.4583333333e-02
-0.200000,0.650000,0.200000,8.2916666667e-02
-0.350000,-0.500000,0.450000,7.0833333333e-02
0.450000,0.300000,-0.400000,9.1250000000e-02
-0.100000,-0.600000,-0.050000,1.0458333333e-01
0.350000,-0.050000,-0.550000,9.5416666667e-02
0.350000,-0.550000,0.150000,9.2083333333e-02
0.850000,-0.100000,0.400000,1.7916666667e-02
-0.050000,-0.600000,0.250000,9.5833333333e-02
0.200000,-0.300000,-0.400000,1.1833333333e-01
-0.100000,-0.250000,-0.600000,9.4583333333e-02
0.250000,0.300000,-0.200000,1.3458333333e-01
