5.0000E-4       0.0000         0.0015709
0.0015000       0.0000         0.0047126
0.0025000       0.0000         0.0078541
0.0035000       0.0000         0.010995
0.0045000       0.0000         0.014137
0.0055000       0.0000         0.017278
0.0065000       0.0000         0.020419
0.0075000       0.0000         0.023559
0.0085000       0.0000         0.026700
0.0095000       0.0000         0.029840
0.010500        0.0000         0.032981
0.011500        0.0000         0.036120
0.012500        0.0000         0.039260
0.013500        0.0000         0.042399
0.014500        0.0000         0.045537
0.015500        0.0000         0.048675
0.016500        0.0000         0.051812
0.017500        0.0000         0.054950
0.018500        0.0000         0.058086
0.019500        0.0000         0.061222
0.020500        0.0000         0.064358
0.021500        0.0000         0.067493
0.022500        0.0000         0.070627
0.023500        0.0000         0.073760
0.024500        0.0000         0.076893
0.025500        0.0000         0.080024
0.026500        0.0000         0.083155
0.027500        0.0000         0.086285
0.028500        0.0000         0.089415
0.029500        0.0000         0.092544
0.030500        0.0000         0.095671
0.031500        0.0000         0.098798
0.032500        0.0000         0.10192
0.033500        0.0000         0.10505
0.034500        0.0000         0.10817
0.035500        0.0000         0.11129
0.036500        0.0000         0.11442
0.037500        0.0000         0.11754
0.038500        0.0000         0.12066
0.039500        0.0000         0.12377
0.040500        0.0000         0.12689
0.041500        0.0000         0.13001
0.042500        0.0000         0.13312
0.043500        0.0000         0.13623
0.044500        0.0000         0.13934
0.045500        0.0000         0.14245
0.046500        0.0000         0.14556
0.047500        0.0000         0.14867
0.048500        0.0000         0.15178
0.049500        0.0000         0.15488
0.050500        0.0000         0.15798
0.051500        0.0000         0.16109
0.052500        0.0000         0.16419
0.053500        0.0000         0.16728
0.054500        0.0000         0.17038
0.055500        0.0000         0.17347
0.056500        0.0000         0.17657
0.057500        0.0000         0.17966
0.058500        0.0000         0.18275
0.059500        0.0000         0.18584
0.060500        0.0000         0.18892
0.061500        0.0000         0.19201
0.062500        0.0000         0.19509
0.063500        0.0000         0.19817
0.064500        0.0000         0.20125
0.065500        0.0000         0.20432
0.066500        0.0000         0.20740
0.067500        0.0000         0.21047
0.068500        0.0000         0.21354
0.069500        0.0000         0.21661
0.070500        0.0000         0.21967
0.071500        0.0000         0.22274
0.072500        0.0000         0.22580
0.073500        0.0000         0.22886
0.074500        0.0000         0.23192
0.075500        0.0000         0.23497
0.076500        0.0000         0.23802
0.077500        0.0000         0.24107
0.078500        0.0000         0.24412
0.079500        0.0000         0.24717
0.080500        0.0000         0.25021
0.081500        0.0000         0.25325
0.082500        0.0000         0.25629
0.083500        0.0000         0.25932
0.084500        0.0000         0.26236
0.085500        0.0000         0.26539
0.086500        0.0000         0.26841
0.087500        0.0000         0.27144
0.088500        0.0000         0.27446
0.089500        0.0000         0.27748
0.090500        0.0000         0.28050
0.091500        0.0000         0.28351
0.092500        0.0000         0.28652
0.093500        0.0000         0.28953
0.094500        0.0000         0.29254
0.095500        0.0000         0.29554
0.096500        0.0000         0.29854
0.097500        0.0000         0.30154
0.098500        0.0000         0.30453
0.099500        0.0000         0.30752
0.10050         0.0000         0.31051
0.10150         0.0000         0.31349
0.10250         0.0000         0.31647
0.10350         0.0000         0.31945
0.10450         0.0000         0.32243
0.10550         0.0000         0.32540
0.10650         0.0000         0.32837
0.10750         0.0000         0.33134
0.10850         0.0000         0.33430
0.10950         0.0000         0.33726
0.11050         0.0000         0.34021
0.11150         0.0000         0.34317
0.11250         0.0000         0.34611
0.11350         0.0000         0.34906
0.11450         0.0000         0.35200
0.11550         0.0000         0.35494
0.11650         0.0000         0.35788
0.11750         0.0000         0.36081
0.11850         0.0000         0.36374
0.11950         0.0000         0.36666
0.12050         0.0000         0.36958
0.12150         0.0000         0.37250
0.12250         0.0000         0.37541
0.12350         0.0000         0.37832
0.12450         0.0000         0.38123
0.12550         0.0000         0.38413
0.12650         0.0000         0.38703
0.12750         0.0000         0.38992
0.12850         0.0000         0.39282
0.12950         0.0000         0.39570
0.13050         0.0000         0.39859
0.13150         0.0000         0.40147
0.13250         0.0000         0.40434
0.13350         0.0000         0.40721
0.13450         0.0000         0.41008
0.13550         0.0000         0.41294
0.13650         0.0000         0.41580
0.13750         0.0000         0.41866
0.13850         0.0000         0.42151
0.13950         0.0000         0.42435
0.14050         0.0000         0.42720
0.14150         0.0000         0.43004
0.14250         0.0000         0.43287
0.14350         0.0000         0.43570
0.14450         0.0000         0.43852
0.14550         0.0000         0.44135
0.14650         0.0000         0.44416
0.14750         0.0000         0.44697
0.14850         0.0000         0.44978
0.14950         0.0000         0.45259
0.15050         0.0000         0.45539
0.15150         0.0000         0.45818
0.15250         0.0000         0.46097
0.15350         0.0000         0.46376
0.15450         0.0000         0.46654
0.15550         0.0000         0.46931
0.15650         0.0000         0.47209
0.15750         0.0000         0.47485
0.15850         0.0000         0.47761
0.15950         0.0000         0.48037
0.16050         0.0000         0.48313
0.16150         0.0000         0.48587
0.16250         0.0000         0.48862
0.16350         0.0000         0.49136
0.16450         0.0000         0.49409
0.16550         0.0000         0.49682
0.16650         0.0000         0.49954
0.16750         0.0000         0.50226
0.16850         0.0000         0.50498
0.16950         0.0000         0.50768
0.17050         0.0000         0.51039
0.17150         0.0000         0.51309
0.17250         0.0000         0.51578
0.17350         0.0000         0.51847
0.17450         0.0000         0.52115
0.17550         0.0000         0.52383
0.17650         0.0000         0.52651
0.17750         0.0000         0.52917
0.17850         0.0000         0.53184
0.17950         0.0000         0.53450
0.18050         0.0000         0.53715
0.18150         0.0000         0.53980
0.18250         0.0000         0.54244
0.18350         0.0000         0.54507
0.18450         0.0000         0.54770
0.18550         0.0000         0.55033
0.18650         0.0000         0.55295
0.18750         0.0000         0.55557
0.18850         0.0000         0.55818
0.18950         0.0000         0.56078
0.19050         0.0000         0.56338
0.19150         0.0000         0.56597
0.19250         0.0000         0.56856
0.19350         0.0000         0.57114
0.19450         0.0000         0.57371
0.19550         0.0000         0.57629
0.19650         0.0000         0.57885
0.19750         0.0000         0.58141
0.19850         0.0000         0.58396
0.19950         0.0000         0.58651
0.20050         0.0000         0.58905
0.20150         0.0000         0.59159
0.20250         0.0000         0.59412
0.20350         0.0000         0.59664
0.20450         0.0000         0.59916
0.20550         0.0000         0.60167
0.20650         0.0000         0.60418
0.20750         0.0000         0.60668
0.20850         0.0000         0.60917
0.20950         0.0000         0.61166
0.21050         0.0000         0.61414
0.21150         0.0000         0.61662
0.21250         0.0000         0.61909
0.21350         0.0000         0.62155
0.21450         0.0000         0.62401
0.21550         0.0000         0.62646
0.21650         0.0000         0.62891
0.21750         0.0000         0.63135
0.21850         0.0000         0.63378
0.21950         0.0000         0.63621
0.22050         0.0000         0.63863
0.22150         0.0000         0.64104
0.22250         0.0000         0.64345
0.22350         0.0000         0.64585
0.22450         0.0000         0.64825
0.22550         0.0000         0.65064
0.22650         0.0000         0.65302
0.22750         0.0000         0.65539
0.22850         0.0000         0.65776
0.22950         0.0000         0.66013
0.23050         0.0000         0.66248
0.23150         0.0000         0.66483
0.23250         0.0000         0.66718
0.23350         0.0000         0.66951
0.23450         0.0000         0.67184
0.23550         0.0000         0.67417
0.23650         0.0000         0.67648
0.23750         0.0000         0.67880
0.23850         0.0000         0.68110
0.23950         0.0000         0.68340
0.24050         0.0000         0.68569
0.24150         0.0000         0.68797
0.24250         0.0000         0.69025
0.24350         0.0000         0.69252
0.24450         0.0000         0.69478
0.24550         0.0000         0.69703
0.24650         0.0000         0.69928
0.24750         0.0000         0.70153
0.24850         0.0000         0.70376
0.24950         0.0000         0.70599
0.25050         0.0000         0.70821
0.25150         0.0000         0.71043
0.25250         0.0000         0.71263
0.25350         0.0000         0.71483
0.25450         0.0000         0.71703
0.25550         0.0000         0.71921
0.25650         0.0000         0.72139
0.25750         0.0000         0.72356
0.25850         0.0000         0.72573
0.25950         0.0000         0.72789
0.26050         0.0000         0.73004
0.26150         0.0000         0.73218
0.26250         0.0000         0.73432
0.26350         0.0000         0.73645
0.26450         0.0000         0.73857
0.26550         0.0000         0.74068
0.26650         0.0000         0.74279
0.26750         0.0000         0.74489
0.26850         0.0000         0.74698
0.26950         0.0000         0.74907
0.27050         0.0000         0.75114
0.27150         0.0000         0.75321
0.27250         0.0000         0.75528
0.27350         0.0000         0.75733
0.27450         0.0000         0.75938
0.27550         0.0000         0.76142
0.27650         0.0000         0.76345
0.27750         0.0000         0.76548
0.27850         0.0000         0.76749
0.27950         0.0000         0.76950
0.28050         0.0000         0.77151
0.28150         0.0000         0.77350
0.28250         0.0000         0.77549
0.28350         0.0000         0.77747
0.28450         0.0000         0.77944
0.28550         0.0000         0.78141
0.28650         0.0000         0.78336
0.28750         0.0000         0.78531
0.28850         0.0000         0.78725
0.28950         0.0000         0.78918
0.29050         0.0000         0.79111
0.29150         0.0000         0.79303
0.29250         0.0000         0.79494
0.29350         0.0000         0.79684
0.29450         0.0000         0.79873
0.29550         0.0000         0.80062
0.29650         0.0000         0.80250
0.29750         0.0000         0.80437
0.29850         0.0000         0.80623
0.29950         0.0000         0.80809
0.30050         0.0000         0.80993
0.30150         0.0000         0.81177
0.30250         0.0000         0.81360
0.30350         0.0000         0.81542
0.30450         0.0000         0.81724
0.30550         0.0000         0.81905
0.30650         0.0000         0.82084
0.30750         0.0000         0.82263
0.30850         0.0000         0.82442
0.30950         0.0000         0.82619
0.31050         0.0000         0.82796
0.31150         0.0000         0.82971
0.31250         0.0000         0.83146
0.31350         0.0000         0.83320
0.31450         0.0000         0.83494
0.31550         0.0000         0.83666
0.31650         0.0000         0.83838
0.31750         0.0000         0.84009
0.31850         0.0000         0.84179
0.31950         0.0000         0.84348
0.32050         0.0000         0.84516
0.32150         0.0000         0.84684
0.32250         0.0000         0.84850
0.32350         0.0000         0.85016
0.32450         0.0000         0.85181
0.32550         0.0000         0.85345
0.32650         0.0000         0.85509
0.32750         0.0000         0.85671
0.32850         0.0000         0.85833
0.32950         0.0000         0.85993
0.33050         0.0000         0.86153
0.33150         0.0000         0.86312
0.33250         0.0000         0.86471
0.33350         0.0000         0.86628
0.33450         0.0000         0.86785
0.33550         0.0000         0.86940
0.33650         0.0000         0.87095
0.33750         0.0000         0.87249
0.33850         0.0000         0.87402
0.33950         0.0000         0.87554
0.34050         0.0000         0.87706
0.34150         0.0000         0.87856
0.34250         0.0000         0.88006
0.34350         0.0000         0.88154
0.34450         0.0000         0.88302
0.34550         0.0000         0.88449
0.34650         0.0000         0.88595
0.34750         0.0000         0.88741
0.34850         0.0000         0.88885
0.34950         0.0000         0.89029
0.35050         0.0000         0.89171
0.35150         0.0000         0.89313
0.35250         0.0000         0.89454
0.35350         0.0000         0.89594
0.35450         0.0000         0.89733
0.35550         0.0000         0.89871
0.35650         0.0000         0.90008
0.35750         0.0000         0.90145
0.35850         0.0000         0.90280
0.35950         0.0000         0.90415
0.36050         0.0000         0.90549
0.36150         0.0000         0.90682
0.36250         0.0000         0.90814
0.36350         0.0000         0.90945
0.36450         0.0000         0.91075
0.36550         0.0000         0.91204
0.36650         0.0000         0.91333
0.36750         0.0000         0.91460
0.36850         0.0000         0.91587
0.36950         0.0000         0.91712
0.37050         0.0000         0.91837
0.37150         0.0000         0.91961
0.37250         0.0000         0.92084
0.37350         0.0000         0.92206
0.37450         0.0000         0.92327
0.37550         0.0000         0.92447
0.37650         0.0000         0.92567
0.37750         0.0000         0.92685
0.37850         0.0000         0.92802
0.37950         0.0000         0.92919
0.38050         0.0000         0.93035
0.38150         0.0000         0.93149
0.38250         0.0000         0.93263
0.38350         0.0000         0.93376
0.38450         0.0000         0.93488
0.38550         0.0000         0.93599
0.38650         0.0000         0.93709
0.38750         0.0000         0.93818
0.38850         0.0000         0.93927
0.38950         0.0000         0.94034
0.39050         0.0000         0.94140
0.39150         0.0000         0.94246
0.39250         0.0000         0.94350
0.39350         0.0000         0.94454
0.39450         0.0000         0.94557
0.39550         0.0000         0.94659
0.39650         0.0000         0.94759
0.39750         0.0000         0.94859
0.39850         0.0000         0.94958
0.39950         0.0000         0.95056
0.40050         0.0000         0.95153
0.40150         0.0000         0.95249
0.40250         0.0000         0.95345
0.40350         0.0000         0.95439
0.40450         0.0000         0.95532
0.40550         0.0000         0.95625
0.40650         0.0000         0.95716
0.40750         0.0000         0.95807
0.40850         0.0000         0.95896
0.40950         0.0000         0.95985
0.41050         0.0000         0.96072
0.41150         0.0000         0.96159
0.41250         0.0000         0.96245
0.41350         0.0000         0.96330
0.41450         0.0000         0.96413
0.41550         0.0000         0.96496
0.41650         0.0000         0.96578
0.41750         0.0000         0.96659
0.41850         0.0000         0.96739
0.41950         0.0000         0.96818
0.42050         0.0000         0.96896
0.42150         0.0000         0.96974
0.42250         0.0000         0.97050
0.42350         0.0000         0.97125
0.42450         0.0000         0.97199
0.42550         0.0000         0.97273
0.42650         0.0000         0.97345
0.42750         0.0000         0.97417
0.42850         0.0000         0.97487
0.42950         0.0000         0.97557
0.43050         0.0000         0.97625
0.43150         0.0000         0.97693
0.43250         0.0000         0.97759
0.43350         0.0000         0.97825
0.43450         0.0000         0.97890
0.43550         0.0000         0.97953
0.43650         0.0000         0.98016
0.43750         0.0000         0.98078
0.43850         0.0000         0.98139
0.43950         0.0000         0.98198
0.44050         0.0000         0.98257
0.44150         0.0000         0.98315
0.44250         0.0000         0.98372
0.44350         0.0000         0.98428
0.44450         0.0000         0.98483
0.44550         0.0000         0.98537
0.44650         0.0000         0.98590
0.44750         0.0000         0.98642
0.44850         0.0000         0.98693
0.44950         0.0000         0.98743
0.45050         0.0000         0.98793
0.45150         0.0000         0.98841
0.45250         0.0000         0.98888
0.45350         0.0000         0.98934
0.45450         0.0000         0.98979
0.45550         0.0000         0.99024
0.45650         0.0000         0.99067
0.45750         0.0000         0.99109
0.45850         0.0000         0.99151
0.45950         0.0000         0.99191
0.46050         0.0000         0.99230
0.46150         0.0000         0.99269
0.46250         0.0000         0.99306
0.46350         0.0000         0.99342
0.46450         0.0000         0.99378
0.46550         0.0000         0.99412
0.46650         0.0000         0.99446
0.46750         0.0000         0.99478
0.46850         0.0000         0.99510
0.46950         0.0000         0.99541
0.47050         0.0000         0.99570
0.47150         0.0000         0.99599
0.47250         0.0000         0.99626
0.47350         0.0000         0.99653
0.47450         0.0000         0.99678
0.47550         0.0000         0.99703
0.47650         0.0000         0.99727
0.47750         0.0000         0.99749
0.47850         0.0000         0.99771
0.47950         0.0000         0.99792
0.48050         0.0000         0.99812
0.48150         0.0000         0.99830
0.48250         0.0000         0.99848
0.48350         0.0000         0.99865
0.48450         0.0000         0.99881
0.48550         0.0000         0.99895
0.48650         0.0000         0.99909
0.48750         0.0000         0.99922
0.48850         0.0000         0.99934
0.48950         0.0000         0.99945
0.49050         0.0000         0.99955
0.49150         0.0000         0.99964
0.49250         0.0000         0.99971
0.49350         0.0000         0.99978
0.49450         0.0000         0.99984
0.49550         0.0000         0.99989
0.49650         0.0000         0.99993
0.49750         0.0000         0.99996
0.49850         0.0000         0.99998
0.49950         0.0000         0.99999
0.50050         0.0000         0.99999
0.50150         0.0000         0.99998
0.50250         0.0000         0.99996
0.50350         0.0000         0.99993
0.50450         0.0000         0.99989
0.50550         0.0000         0.99984
0.50650         0.0000         0.99978
0.50750         0.0000         0.99971
0.50850         0.0000         0.99964
0.50950         0.0000         0.99955
0.51050         0.0000         0.99945
0.51150         0.0000         0.99934
0.51250         0.0000         0.99922
0.51350         0.0000         0.99909
0.51450         0.0000         0.99895
0.51550         0.0000         0.99881
0.51650         0.0000         0.99865
0.51750         0.0000         0.99848
0.51850         0.0000         0.99830
0.51950         0.0000         0.99812
0.52050         0.0000         0.99792
0.52150         0.0000         0.99771
0.52250         0.0000         0.99749
0.52350         0.0000         0.99727
0.52450         0.0000         0.99703
0.52550         0.0000         0.99678
0.52650         0.0000         0.99653
0.52750         0.0000         0.99626
0.52850         0.0000         0.99599
0.52950         0.0000         0.99570
0.53050         0.0000         0.99541
0.53150         0.0000         0.99510
0.53250         0.0000         0.99478
0.53350         0.0000         0.99446
0.53450         0.0000         0.99412
0.53550         0.0000         0.99378
0.53650         0.0000         0.99342
0.53750         0.0000         0.99306
0.53850         0.0000         0.99269
0.53950         0.0000         0.99230
0.54050         0.0000         0.99191
0.54150         0.0000         0.99151
0.54250         0.0000         0.99109
0.54350         0.0000         0.99067
0.54450         0.0000         0.99024
0.54550         0.0000         0.98979
0.54650         0.0000         0.98934
0.54750         0.0000         0.98888
0.54850         0.0000         0.98841
0.54950         0.0000         0.98793
0.55050         0.0000         0.98743
0.55150         0.0000         0.98693
0.55250         0.0000         0.98642
0.55350         0.0000         0.98590
0.55450         0.0000         0.98537
0.55550         0.0000         0.98483
0.55650         0.0000         0.98428
0.55750         0.0000         0.98372
0.55850         0.0000         0.98315
0.55950         0.0000         0.98257
0.56050         0.0000         0.98198
0.56150         0.0000         0.98139
0.56250         0.0000         0.98078
0.56350         0.0000         0.98016
0.56450         0.0000         0.97953
0.56550         0.0000         0.97890
0.56650         0.0000         0.97825
0.56750         0.0000         0.97759
0.56850         0.0000         0.97693
0.56950         0.0000         0.97625
0.57050         0.0000         0.97557
0.57150         0.0000         0.97487
0.57250         0.0000         0.97417
0.57350         0.0000         0.97345
0.57450         0.0000         0.97273
0.57550         0.0000         0.97199
0.57650         0.0000         0.97125
0.57750         0.0000         0.97050
0.57850         0.0000         0.96974
0.57950         0.0000         0.96896
0.58050         0.0000         0.96818
0.58150         0.0000         0.96739
0.58250         0.0000         0.96659
0.58350         0.0000         0.96578
0.58450         0.0000         0.96496
0.58550         0.0000         0.96413
0.58650         0.0000         0.96330
0.58750         0.0000         0.96245
0.58850         0.0000         0.96159
0.58950         0.0000         0.96072
0.59050         0.0000         0.95985
0.59150         0.0000         0.95896
0.59250         0.0000         0.95807
0.59350         0.0000         0.95716
0.59450         0.0000         0.95625
0.59550         0.0000         0.95532
0.59650         0.0000         0.95439
0.59750         0.0000         0.95345
0.59850         0.0000         0.95249
0.59950         0.0000         0.95153
0.60050         0.0000         0.95056
0.60150         0.0000         0.94958
0.60250         0.0000         0.94859
0.60350         0.0000         0.94759
0.60450         0.0000         0.94659
0.60550         0.0000         0.94557
0.60650         0.0000         0.94454
0.60750         0.0000         0.94350
0.60850         0.0000         0.94246
0.60950         0.0000         0.94140
0.61050         0.0000         0.94034
0.61150         0.0000         0.93927
0.61250         0.0000         0.93818
0.61350         0.0000         0.93709
0.61450         0.0000         0.93599
0.61550         0.0000         0.93488
0.61650         0.0000         0.93376
0.61750         0.0000         0.93263
0.61850         0.0000         0.93149
0.61950         0.0000         0.93035
0.62050         0.0000         0.92919
0.62150         0.0000         0.92802
0.62250         0.0000         0.92685
0.62350         0.0000         0.92567
0.62450         0.0000         0.92447
0.62550         0.0000         0.92327
0.62650         0.0000         0.92206
0.62750         0.0000         0.92084
0.62850         0.0000         0.91961
0.62950         0.0000         0.91837
0.63050         0.0000         0.91712
0.63150         0.0000         0.91587
0.63250         0.0000         0.91460
0.63350         0.0000         0.91333
0.63450         0.0000         0.91204
0.63550         0.0000         0.91075
0.63650         0.0000         0.90945
0.63750         0.0000         0.90814
0.63850         0.0000         0.90682
0.63950         0.0000         0.90549
0.64050         0.0000         0.90415
0.64150         0.0000         0.90280
0.64250         0.0000         0.90145
0.64350         0.0000         0.90008
0.64450         0.0000         0.89871
0.64550         0.0000         0.89733
0.64650         0.0000         0.89594
0.64750         0.0000         0.89454
0.64850         0.0000         0.89313
0.64950         0.0000         0.89171
0.65050         0.0000         0.89029
0.65150         0.0000         0.88885
0.65250         0.0000         0.88741
0.65350         0.0000         0.88595
0.65450         0.0000         0.88449
0.65550         0.0000         0.88302
0.65650         0.0000         0.88154
0.65750         0.0000         0.88006
0.65850         0.0000         0.87856
0.65950         0.0000         0.87706
0.66050         0.0000         0.87554
0.66150         0.0000         0.87402
0.66250         0.0000         0.87249
0.66350         0.0000         0.87095
0.66450         0.0000         0.86940
0.66550         0.0000         0.86785
0.66650         0.0000         0.86628
0.66750         0.0000         0.86471
0.66850         0.0000         0.86312
0.66950         0.0000         0.86153
0.67050         0.0000         0.85993
0.67150         0.0000         0.85833
0.67250         0.0000         0.85671
0.67350         0.0000         0.85509
0.67450         0.0000         0.85345
0.67550         0.0000         0.85181
0.67650         0.0000         0.85016
0.67750         0.0000         0.84850
0.67850         0.0000         0.84684
0.67950         0.0000         0.84516
0.68050         0.0000         0.84348
0.68150         0.0000         0.84179
0.68250         0.0000         0.84009
0.68350         0.0000         0.83838
0.68450         0.0000         0.83666
0.68550         0.0000         0.83494
0.68650         0.0000         0.83320
0.68750         0.0000         0.83146
0.68850         0.0000         0.82971
0.68950         0.0000         0.82796
0.69050         0.0000         0.82619
0.69150         0.0000         0.82442
0.69250         0.0000         0.82263
0.69350         0.0000         0.82084
0.69450         0.0000         0.81905
0.69550         0.0000         0.81724
0.69650         0.0000         0.81542
0.69750         0.0000         0.81360
0.69850         0.0000         0.81177
0.69950         0.0000         0.80993
0.70050         0.0000         0.80809
0.70150         0.0000         0.80623
0.70250         0.0000         0.80437
0.70350         0.0000         0.80250
0.70450         0.0000         0.80062
0.70550         0.0000         0.79873
0.70650         0.0000         0.79684
0.70750         0.0000         0.79494
0.70850         0.0000         0.79303
0.70950         0.0000         0.79111
0.71050         0.0000         0.78918
0.71150         0.0000         0.78725
0.71250         0.0000         0.78531
0.71350         0.0000         0.78336
0.71450         0.0000         0.78141
0.71550         0.0000         0.77944
0.71650         0.0000         0.77747
0.71750         0.0000         0.77549
0.71850         0.0000         0.77350
0.71950         0.0000         0.77151
0.72050         0.0000         0.76950
0.72150         0.0000         0.76749
0.72250         0.0000         0.76548
0.72350         0.0000         0.76345
0.72450         0.0000         0.76142
0.72550         0.0000         0.75938
0.72650         0.0000         0.75733
0.72750         0.0000         0.75528
0.72850         0.0000         0.75321
0.72950         0.0000         0.75114
0.73050         0.0000         0.74907
0.73150         0.0000         0.74698
0.73250         0.0000         0.74489
0.73350         0.0000         0.74279
0.73450         0.0000         0.74068
0.73550         0.0000         0.73857
0.73650         0.0000         0.73645
0.73750         0.0000         0.73432
0.73850         0.0000         0.73218
0.73950         0.0000         0.73004
0.74050         0.0000         0.72789
0.74150         0.0000         0.72573
0.74250         0.0000         0.72356
0.74350         0.0000         0.72139
0.74450         0.0000         0.71921
0.74550         0.0000         0.71703
0.74650         0.0000         0.71483
0.74750         0.0000         0.71263
0.74850         0.0000         0.71043
0.74950         0.0000         0.70821
0.75050         0.0000         0.70599
0.75150         0.0000         0.70376
0.75250         0.0000         0.70153
0.75350         0.0000         0.69928
0.75450         0.0000         0.69703
0.75550         0.0000         0.69478
0.75650         0.0000         0.69252
0.75750         0.0000         0.69025
0.75850         0.0000         0.68797
0.75950         0.0000         0.68569
0.76050         0.0000         0.68340
0.76150         0.0000         0.68110
0.76250         0.0000         0.67880
0.76350         0.0000         0.67648
0.76450         0.0000         0.67417
0.76550         0.0000         0.67184
0.76650         0.0000         0.66951
0.76750         0.0000         0.66718
0.76850         0.0000         0.66483
0.76950         0.0000         0.66248
0.77050         0.0000         0.66013
0.77150         0.0000         0.65776
0.77250         0.0000         0.65539
0.77350         0.0000         0.65302
0.77450         0.0000         0.65064
0.77550         0.0000         0.64825
0.77650         0.0000         0.64585
0.77750         0.0000         0.64345
0.77850         0.0000         0.64104
0.77950         0.0000         0.63863
0.78050         0.0000         0.63621
0.78150         0.0000         0.63378
0.78250         0.0000         0.63135
0.78350         0.0000         0.62891
0.78450         0.0000         0.62646
0.78550         0.0000         0.62401
0.78650         0.0000         0.62155
0.78750         0.0000         0.61909
0.78850         0.0000         0.61662
0.78950         0.0000         0.61414
0.79050         0.0000         0.61166
0.79150         0.0000         0.60917
0.79250         0.0000         0.60668
0.79350         0.0000         0.60418
0.79450         0.0000         0.60167
0.79550         0.0000         0.59916
0.79650         0.0000         0.59664
0.79750         0.0000         0.59412
0.79850         0.0000         0.59159
0.79950         0.0000         0.58905
0.80050         0.0000         0.58651
0.80150         0.0000         0.58396
0.80250         0.0000         0.58141
0.80350         0.0000         0.57885
0.80450         0.0000         0.57629
0.80550         0.0000         0.57371
0.80650         0.0000         0.57114
0.80750         0.0000         0.56856
0.80850         0.0000         0.56597
0.80950         0.0000         0.56338
0.81050         0.0000         0.56078
0.81150         0.0000         0.55818
0.81250         0.0000         0.55557
0.81350         0.0000         0.55295
0.81450         0.0000         0.55033
0.81550         0.0000         0.54770
0.81650         0.0000         0.54507
0.81750         0.0000         0.54244
0.81850         0.0000         0.53980
0.81950         0.0000         0.53715
0.82050         0.0000         0.53450
0.82150         0.0000         0.53184
0.82250         0.0000         0.52917
0.82350         0.0000         0.52651
0.82450         0.0000         0.52383
0.82550         0.0000         0.52115
0.82650         0.0000         0.51847
0.82750         0.0000         0.51578
0.82850         0.0000         0.51309
0.82950         0.0000         0.51039
0.83050         0.0000         0.50768
0.83150         0.0000         0.50498
0.83250         0.0000         0.50226
0.83350         0.0000         0.49954
0.83450         0.0000         0.49682
0.83550         0.0000         0.49409
0.83650         0.0000         0.49136
0.83750         0.0000         0.48862
0.83850         0.0000         0.48587
0.83950         0.0000         0.48313
0.84050         0.0000         0.48037
0.84150         0.0000         0.47761
0.84250         0.0000         0.47485
0.84350         0.0000         0.47209
0.84450         0.0000         0.46931
0.84550         0.0000         0.46654
0.84650         0.0000         0.46376
0.84750         0.0000         0.46097
0.84850         0.0000         0.45818
0.84950         0.0000         0.45539
0.85050         0.0000         0.45259
0.85150         0.0000         0.44978
0.85250         0.0000         0.44697
0.85350         0.0000         0.44416
0.85450         0.0000         0.44135
0.85550         0.0000         0.43852
0.85650         0.0000         0.43570
0.85750         0.0000         0.43287
0.85850         0.0000         0.43004
0.85950         0.0000         0.42720
0.86050         0.0000         0.42435
0.86150         0.0000         0.42151
0.86250         0.0000         0.41866
0.86350         0.0000         0.41580
0.86450         0.0000         0.41294
0.86550         0.0000         0.41008
0.86650         0.0000         0.40721
0.86750         0.0000         0.40434
0.86850         0.0000         0.40147
0.86950         0.0000         0.39859
0.87050         0.0000         0.39570
0.87150         0.0000         0.39282
0.87250         0.0000         0.38992
0.87350         0.0000         0.38703
0.87450         0.0000         0.38413
0.87550         0.0000         0.38123
0.87650         0.0000         0.37832
0.87750         0.0000         0.37541
0.87850         0.0000         0.37250
0.87950         0.0000         0.36958
0.88050         0.0000         0.36666
0.88150         0.0000         0.36374
0.88250         0.0000         0.36081
0.88350         0.0000         0.35788
0.88450         0.0000         0.35494
0.88550         0.0000         0.35200
0.88650         0.0000         0.34906
0.88750         0.0000         0.34611
0.88850         0.0000         0.34317
0.88950         0.0000         0.34021
0.89050         0.0000         0.33726
0.89150         0.0000         0.33430
0.89250         0.0000         0.33134
0.89350         0.0000         0.32837
0.89450         0.0000         0.32540
0.89550         0.0000         0.32243
0.89650         0.0000         0.31945
0.89750         0.0000         0.31647
0.89850         0.0000         0.31349
0.89950         0.0000         0.31051
0.90050         0.0000         0.30752
0.90150         0.0000         0.30453
0.90250         0.0000         0.30154
0.90350         0.0000         0.29854
0.90450         0.0000         0.29554
0.90550         0.0000         0.29254
0.90650         0.0000         0.28953
0.90750         0.0000         0.28652
0.90850         0.0000         0.28351
0.90950         0.0000         0.28050
0.91050         0.0000         0.27748
0.91150         0.0000         0.27446
0.91250         0.0000         0.27144
0.91350         0.0000         0.26841
0.91450         0.0000         0.26539
0.91550         0.0000         0.26236
0.91650         0.0000         0.25932
0.91750         0.0000         0.25629
0.91850         0.0000         0.25325
0.91950         0.0000         0.25021
0.92050         0.0000         0.24717
0.92150         0.0000         0.24412
0.92250         0.0000         0.24107
0.92350         0.0000         0.23802
0.92450         0.0000         0.23497
0.92550         0.0000         0.23192
0.92650         0.0000         0.22886
0.92750         0.0000         0.22580
0.92850         0.0000         0.22274
0.92950         0.0000         0.21967
0.93050         0.0000         0.21661
0.93150         0.0000         0.21354
0.93250         0.0000         0.21047
0.93350         0.0000         0.20740
0.93450         0.0000         0.20432
0.93550         0.0000         0.20125
0.93650         0.0000         0.19817
0.93750         0.0000         0.19509
0.93850         0.0000         0.19201
0.93950         0.0000         0.18892
0.94050         0.0000         0.18584
0.94150         0.0000         0.18275
0.94250         0.0000         0.17966
0.94350         0.0000         0.17657
0.94450         0.0000         0.17347
0.94550         0.0000         0.17038
0.94650         0.0000         0.16728
0.94750         0.0000         0.16419
0.94850         0.0000         0.16109
0.94950         0.0000         0.15798
0.95050         0.0000         0.15488
0.95150         0.0000         0.15178
0.95250         0.0000         0.14867
0.95350         0.0000         0.14556
0.95450         0.0000         0.14245
0.95550         0.0000         0.13934
0.95650         0.0000         0.13623
0.95750         0.0000         0.13312
0.95850         0.0000         0.13001
0.95950         0.0000         0.12689
0.96050         0.0000         0.12377
0.96150         0.0000         0.12066
0.96250         0.0000         0.11754
0.96350         0.0000         0.11442
0.96450         0.0000         0.11129
0.96550         0.0000         0.10817
0.96650         0.0000         0.10505
0.96750         0.0000         0.10192
0.96850         0.0000         0.098798
0.96950         0.0000         0.095671
0.97050         0.0000         0.092544
0.97150         0.0000         0.089415
0.97250         0.0000         0.086285
0.97350         0.0000         0.083155
0.97450         0.0000         0.080024
0.97550         0.0000         0.076893
0.97650         0.0000         0.073760
0.97750         0.0000         0.070627
0.97850         0.0000         0.067493
0.97950         0.0000         0.064358
0.98050         0.0000         0.061222
0.98150         0.0000         0.058086
0.98250         0.0000         0.054950
0.98350         0.0000         0.051812
0.98450         0.0000         0.048675
0.98550         0.0000         0.045537
0.98650         0.0000         0.042399
0.98750         0.0000         0.039260
0.98850         0.0000         0.036120
0.98950         0.0000         0.032981
0.99050         0.0000         0.029840
0.99150         0.0000         0.026700
0.99250         0.0000         0.023559
0.99350         0.0000         0.020419
0.99450         0.0000         0.017278
0.99550         0.0000         0.014137
0.99650         0.0000         0.010995
0.99750         0.0000         0.0078541
0.99850         0.0000         0.0047126
0.99950         0.0000         0.0015709
