5.0000E-4       0.75000        8.1254E-5
0.0015000       0.75000        2.4376E-4
0.0025000       0.75000        4.0625E-4
0.0035000       0.75000        5.6874E-4
0.0045000       0.75000        7.3122E-4
0.0055000       0.75000        8.9369E-4
0.0065000       0.75000        0.0010562
0.0075000       0.75000        0.0012186
0.0085000       0.75000        0.0013811
0.0095000       0.75000        0.0015435
0.010500        0.75000        0.0017059
0.011500        0.75000        0.0018683
0.012500        0.75000        0.0020307
0.013500        0.75000        0.0021931
0.014500        0.75000        0.0023554
0.015500        0.75000        0.0025177
0.016500        0.75000        0.0026800
0.017500        0.75000        0.0028423
0.018500        0.75000        0.0030045
0.019500        0.75000        0.0031667
0.020500        0.75000        0.0033289
0.021500        0.75000        0.0034911
0.022500        0.75000        0.0036532
0.023500        0.75000        0.0038152
0.024500        0.75000        0.0039773
0.025500        0.75000        0.0041393
0.026500        0.75000        0.0043012
0.027500        0.75000        0.0044631
0.028500        0.75000        0.0046250
0.029500        0.75000        0.0047868
0.030500        0.75000        0.0049486
0.031500        0.75000        0.0051103
0.032500        0.75000        0.0052720
0.033500        0.75000        0.0054336
0.034500        0.75000        0.0055952
0.035500        0.75000        0.0057567
0.036500        0.75000        0.0059182
0.037500        0.75000        0.0060796
0.038500        0.75000        0.0062409
0.039500        0.75000        0.0064022
0.040500        0.75000        0.0065634
0.041500        0.75000        0.0067246
0.042500        0.75000        0.0068857
0.043500        0.75000        0.0070467
0.044500        0.75000        0.0072076
0.045500        0.75000        0.0073685
0.046500        0.75000        0.0075293
0.047500        0.75000        0.0076900
0.048500        0.75000        0.0078507
0.049500        0.75000        0.0080112
0.050500        0.75000        0.0081717
0.051500        0.75000        0.0083322
0.052500        0.75000        0.0084925
0.053500        0.75000        0.0086527
0.054500        0.75000        0.0088129
0.055500        0.75000        0.0089730
0.056500        0.75000        0.0091330
0.057500        0.75000        0.0092929
0.058500        0.75000        0.0094527
0.059500        0.75000        0.0096124
0.060500        0.75000        0.0097720
0.061500        0.75000        0.0099315
0.062500        0.75000        0.010091
0.063500        0.75000        0.010250
0.064500        0.75000        0.010410
0.065500        0.75000        0.010569
0.066500        0.75000        0.010728
0.067500        0.75000        0.010887
0.068500        0.75000        0.011045
0.069500        0.75000        0.011204
0.070500        0.75000        0.011363
0.071500        0.75000        0.011521
0.072500        0.75000        0.011679
0.073500        0.75000        0.011838
0.074500        0.75000        0.011996
0.075500        0.75000        0.012154
0.076500        0.75000        0.012312
0.077500        0.75000        0.012469
0.078500        0.75000        0.012627
0.079500        0.75000        0.012785
0.080500        0.75000        0.012942
0.081500        0.75000        0.013099
0.082500        0.75000        0.013256
0.083500        0.75000        0.013413
0.084500        0.75000        0.013570
0.085500        0.75000        0.013727
0.086500        0.75000        0.013884
0.087500        0.75000        0.014040
0.088500        0.75000        0.014196
0.089500        0.75000        0.014353
0.090500        0.75000        0.014509
0.091500        0.75000        0.014665
0.092500        0.75000        0.014820
0.093500        0.75000        0.014976
0.094500        0.75000        0.015131
0.095500        0.75000        0.015287
0.096500        0.75000        0.015442
0.097500        0.75000        0.015597
0.098500        0.75000        0.015752
0.099500        0.75000        0.015906
0.10050         0.75000        0.016061
0.10150         0.75000        0.016215
0.10250         0.75000        0.016370
0.10350         0.75000        0.016524
0.10450         0.75000        0.016678
0.10550         0.75000        0.016831
0.10650         0.75000        0.016985
0.10750         0.75000        0.017138
0.10850         0.75000        0.017292
0.10950         0.75000        0.017445
0.11050         0.75000        0.017597
0.11150         0.75000        0.017750
0.11250         0.75000        0.017903
0.11350         0.75000        0.018055
0.11450         0.75000        0.018207
0.11550         0.75000        0.018359
0.11650         0.75000        0.018511
0.11750         0.75000        0.018663
0.11850         0.75000        0.018814
0.11950         0.75000        0.018966
0.12050         0.75000        0.019117
0.12150         0.75000        0.019268
0.12250         0.75000        0.019418
0.12350         0.75000        0.019569
0.12450         0.75000        0.019719
0.12550         0.75000        0.019869
0.12650         0.75000        0.020019
0.12750         0.75000        0.020169
0.12850         0.75000        0.020318
0.12950         0.75000        0.020468
0.13050         0.75000        0.020617
0.13150         0.75000        0.020766
0.13250         0.75000        0.020915
0.13350         0.75000        0.021063
0.13450         0.75000        0.021211
0.13550         0.75000        0.021359
0.13650         0.75000        0.021507
0.13750         0.75000        0.021655
0.13850         0.75000        0.021802
0.13950         0.75000        0.021950
0.14050         0.75000        0.022097
0.14150         0.75000        0.022244
0.14250         0.75000        0.022390
0.14350         0.75000        0.022537
0.14450         0.75000        0.022683
0.14550         0.75000        0.022829
0.14650         0.75000        0.022974
0.14750         0.75000        0.023120
0.14850         0.75000        0.023265
0.14950         0.75000        0.023410
0.15050         0.75000        0.023555
0.15150         0.75000        0.023699
0.15250         0.75000        0.023844
0.15350         0.75000        0.023988
0.15450         0.75000        0.024132
0.15550         0.75000        0.024275
0.15650         0.75000        0.024419
0.15750         0.75000        0.024562
0.15850         0.75000        0.024705
0.15950         0.75000        0.024847
0.16050         0.75000        0.024990
0.16150         0.75000        0.025132
0.16250         0.75000        0.025274
0.16350         0.75000        0.025415
0.16450         0.75000        0.025557
0.16550         0.75000        0.025698
0.16650         0.75000        0.025839
0.16750         0.75000        0.025979
0.16850         0.75000        0.026120
0.16950         0.75000        0.026260
0.17050         0.75000        0.026400
0.17150         0.75000        0.026539
0.17250         0.75000        0.026679
0.17350         0.75000        0.026818
0.17450         0.75000        0.026957
0.17550         0.75000        0.027095
0.17650         0.75000        0.027234
0.17750         0.75000        0.027372
0.17850         0.75000        0.027509
0.17950         0.75000        0.027647
0.18050         0.75000        0.027784
0.18150         0.75000        0.027921
0.18250         0.75000        0.028058
0.18350         0.75000        0.028194
0.18450         0.75000        0.028330
0.18550         0.75000        0.028466
0.18650         0.75000        0.028601
0.18750         0.75000        0.028737
0.18850         0.75000        0.028872
0.18950         0.75000        0.029006
0.19050         0.75000        0.029141
0.19150         0.75000        0.029275
0.19250         0.75000        0.029409
0.19350         0.75000        0.029542
0.19450         0.75000        0.029675
0.19550         0.75000        0.029808
0.19650         0.75000        0.029941
0.19750         0.75000        0.030073
0.19850         0.75000        0.030205
0.19950         0.75000        0.030337
0.20050         0.75000        0.030469
0.20150         0.75000        0.030600
0.20250         0.75000        0.030731
0.20350         0.75000        0.030861
0.20450         0.75000        0.030991
0.20550         0.75000        0.031121
0.20650         0.75000        0.031251
0.20750         0.75000        0.031380
0.20850         0.75000        0.031509
0.20950         0.75000        0.031638
0.21050         0.75000        0.031767
0.21150         0.75000        0.031895
0.21250         0.75000        0.032022
0.21350         0.75000        0.032150
0.21450         0.75000        0.032277
0.21550         0.75000        0.032404
0.21650         0.75000        0.032530
0.21750         0.75000        0.032656
0.21850         0.75000        0.032782
0.21950         0.75000        0.032908
0.22050         0.75000        0.033033
0.22150         0.75000        0.033158
0.22250         0.75000        0.033282
0.22350         0.75000        0.033407
0.22450         0.75000        0.033531
0.22550         0.75000        0.033654
0.22650         0.75000        0.033777
0.22750         0.75000        0.033900
0.22850         0.75000        0.034023
0.22950         0.75000        0.034145
0.23050         0.75000        0.034267
0.23150         0.75000        0.034389
0.23250         0.75000        0.034510
0.23350         0.75000        0.034631
0.23450         0.75000        0.034751
0.23550         0.75000        0.034871
0.23650         0.75000        0.034991
0.23750         0.75000        0.035111
0.23850         0.75000        0.035230
0.23950         0.75000        0.035349
0.24050         0.75000        0.035467
0.24150         0.75000        0.035585
0.24250         0.75000        0.035703
0.24350         0.75000        0.035820
0.24450         0.75000        0.035937
0.24550         0.75000        0.036054
0.24650         0.75000        0.036170
0.24750         0.75000        0.036286
0.24850         0.75000        0.036402
0.24950         0.75000        0.036517
0.25050         0.75000        0.036632
0.25150         0.75000        0.036747
0.25250         0.75000        0.036861
0.25350         0.75000        0.036975
0.25450         0.75000        0.037088
0.25550         0.75000        0.037201
0.25650         0.75000        0.037314
0.25750         0.75000        0.037426
0.25850         0.75000        0.037538
0.25950         0.75000        0.037650
0.26050         0.75000        0.037761
0.26150         0.75000        0.037872
0.26250         0.75000        0.037983
0.26350         0.75000        0.038093
0.26450         0.75000        0.038202
0.26550         0.75000        0.038312
0.26650         0.75000        0.038421
0.26750         0.75000        0.038529
0.26850         0.75000        0.038638
0.26950         0.75000        0.038745
0.27050         0.75000        0.038853
0.27150         0.75000        0.038960
0.27250         0.75000        0.039067
0.27350         0.75000        0.039173
0.27450         0.75000        0.039279
0.27550         0.75000        0.039384
0.27650         0.75000        0.039490
0.27750         0.75000        0.039594
0.27850         0.75000        0.039699
0.27950         0.75000        0.039803
0.28050         0.75000        0.039906
0.28150         0.75000        0.040009
0.28250         0.75000        0.040112
0.28350         0.75000        0.040215
0.28450         0.75000        0.040317
0.28550         0.75000        0.040418
0.28650         0.75000        0.040519
0.28750         0.75000        0.040620
0.28850         0.75000        0.040721
0.28950         0.75000        0.040821
0.29050         0.75000        0.040920
0.29150         0.75000        0.041019
0.29250         0.75000        0.041118
0.29350         0.75000        0.041217
0.29450         0.75000        0.041314
0.29550         0.75000        0.041412
0.29650         0.75000        0.041509
0.29750         0.75000        0.041606
0.29850         0.75000        0.041702
0.29950         0.75000        0.041798
0.30050         0.75000        0.041894
0.30150         0.75000        0.041989
0.30250         0.75000        0.042084
0.30350         0.75000        0.042178
0.30450         0.75000        0.042272
0.30550         0.75000        0.042365
0.30650         0.75000        0.042458
0.30750         0.75000        0.042551
0.30850         0.75000        0.042643
0.30950         0.75000        0.042735
0.31050         0.75000        0.042826
0.31150         0.75000        0.042917
0.31250         0.75000        0.043007
0.31350         0.75000        0.043097
0.31450         0.75000        0.043187
0.31550         0.75000        0.043276
0.31650         0.75000        0.043365
0.31750         0.75000        0.043453
0.31850         0.75000        0.043541
0.31950         0.75000        0.043629
0.32050         0.75000        0.043716
0.32150         0.75000        0.043803
0.32250         0.75000        0.043889
0.32350         0.75000        0.043975
0.32450         0.75000        0.044060
0.32550         0.75000        0.044145
0.32650         0.75000        0.044229
0.32750         0.75000        0.044313
0.32850         0.75000        0.044397
0.32950         0.75000        0.044480
0.33050         0.75000        0.044563
0.33150         0.75000        0.044645
0.33250         0.75000        0.044727
0.33350         0.75000        0.044808
0.33450         0.75000        0.044889
0.33550         0.75000        0.044970
0.33650         0.75000        0.045050
0.33750         0.75000        0.045129
0.33850         0.75000        0.045209
0.33950         0.75000        0.045287
0.34050         0.75000        0.045366
0.34150         0.75000        0.045443
0.34250         0.75000        0.045521
0.34350         0.75000        0.045598
0.34450         0.75000        0.045674
0.34550         0.75000        0.045750
0.34650         0.75000        0.045826
0.34750         0.75000        0.045901
0.34850         0.75000        0.045976
0.34950         0.75000        0.046050
0.35050         0.75000        0.046124
0.35150         0.75000        0.046197
0.35250         0.75000        0.046270
0.35350         0.75000        0.046342
0.35450         0.75000        0.046414
0.35550         0.75000        0.046486
0.35650         0.75000        0.046557
0.35750         0.75000        0.046627
0.35850         0.75000        0.046697
0.35950         0.75000        0.046767
0.36050         0.75000        0.046836
0.36150         0.75000        0.046905
0.36250         0.75000        0.046973
0.36350         0.75000        0.047041
0.36450         0.75000        0.047108
0.36550         0.75000        0.047175
0.36650         0.75000        0.047242
0.36750         0.75000        0.047308
0.36850         0.75000        0.047373
0.36950         0.75000        0.047438
0.37050         0.75000        0.047503
0.37150         0.75000        0.047567
0.37250         0.75000        0.047630
0.37350         0.75000        0.047693
0.37450         0.75000        0.047756
0.37550         0.75000        0.047818
0.37650         0.75000        0.047880
0.37750         0.75000        0.047941
0.37850         0.75000        0.048002
0.37950         0.75000        0.048062
0.38050         0.75000        0.048122
0.38150         0.75000        0.048181
0.38250         0.75000        0.048240
0.38350         0.75000        0.048299
0.38450         0.75000        0.048357
0.38550         0.75000        0.048414
0.38650         0.75000        0.048471
0.38750         0.75000        0.048528
0.38850         0.75000        0.048584
0.38950         0.75000        0.048639
0.39050         0.75000        0.048694
0.39150         0.75000        0.048749
0.39250         0.75000        0.048803
0.39350         0.75000        0.048856
0.39450         0.75000        0.048909
0.39550         0.75000        0.048962
0.39650         0.75000        0.049014
0.39750         0.75000        0.049066
0.39850         0.75000        0.049117
0.39950         0.75000        0.049168
0.40050         0.75000        0.049218
0.40150         0.75000        0.049268
0.40250         0.75000        0.049317
0.40350         0.75000        0.049366
0.40450         0.75000        0.049414
0.40550         0.75000        0.049462
0.40650         0.75000        0.049509
0.40750         0.75000        0.049556
0.40850         0.75000        0.049602
0.40950         0.75000        0.049648
0.41050         0.75000        0.049693
0.41150         0.75000        0.049738
0.41250         0.75000        0.049783
0.41350         0.75000        0.049826
0.41450         0.75000        0.049870
0.41550         0.75000        0.049913
0.41650         0.75000        0.049955
0.41750         0.75000        0.049997
0.41850         0.75000        0.050038
0.41950         0.75000        0.050079
0.42050         0.75000        0.050120
0.42150         0.75000        0.050160
0.42250         0.75000        0.050199
0.42350         0.75000        0.050238
0.42450         0.75000        0.050276
0.42550         0.75000        0.050314
0.42650         0.75000        0.050352
0.42750         0.75000        0.050389
0.42850         0.75000        0.050425
0.42950         0.75000        0.050461
0.43050         0.75000        0.050497
0.43150         0.75000        0.050531
0.43250         0.75000        0.050566
0.43350         0.75000        0.050600
0.43450         0.75000        0.050633
0.43550         0.75000        0.050666
0.43650         0.75000        0.050699
0.43750         0.75000        0.050731
0.43850         0.75000        0.050762
0.43950         0.75000        0.050793
0.44050         0.75000        0.050824
0.44150         0.75000        0.050853
0.44250         0.75000        0.050883
0.44350         0.75000        0.050912
0.44450         0.75000        0.050940
0.44550         0.75000        0.050968
0.44650         0.75000        0.050996
0.44750         0.75000        0.051023
0.44850         0.75000        0.051049
0.44950         0.75000        0.051075
0.45050         0.75000        0.051100
0.45150         0.75000        0.051125
0.45250         0.75000        0.051150
0.45350         0.75000        0.051174
0.45450         0.75000        0.051197
0.45550         0.75000        0.051220
0.45650         0.75000        0.051242
0.45750         0.75000        0.051264
0.45850         0.75000        0.051286
0.45950         0.75000        0.051306
0.46050         0.75000        0.051327
0.46150         0.75000        0.051347
0.46250         0.75000        0.051366
0.46350         0.75000        0.051385
0.46450         0.75000        0.051403
0.46550         0.75000        0.051421
0.46650         0.75000        0.051438
0.46750         0.75000        0.051455
0.46850         0.75000        0.051471
0.46950         0.75000        0.051487
0.47050         0.75000        0.051503
0.47150         0.75000        0.051517
0.47250         0.75000        0.051532
0.47350         0.75000        0.051545
0.47450         0.75000        0.051559
0.47550         0.75000        0.051571
0.47650         0.75000        0.051584
0.47750         0.75000        0.051595
0.47850         0.75000        0.051607
0.47950         0.75000        0.051617
0.48050         0.75000        0.051628
0.48150         0.75000        0.051637
0.48250         0.75000        0.051646
0.48350         0.75000        0.051655
0.48450         0.75000        0.051663
0.48550         0.75000        0.051671
0.48650         0.75000        0.051678
0.48750         0.75000        0.051685
0.48850         0.75000        0.051691
0.48950         0.75000        0.051696
0.49050         0.75000        0.051702
0.49150         0.75000        0.051706
0.49250         0.75000        0.051710
0.49350         0.75000        0.051714
0.49450         0.75000        0.051717
0.49550         0.75000        0.051719
0.49650         0.75000        0.051721
0.49750         0.75000        0.051723
0.49850         0.75000        0.051724
0.49950         0.75000        0.051724
0.50050         0.75000        0.051724
0.50150         0.75000        0.051724
0.50250         0.75000        0.051723
0.50350         0.75000        0.051721
0.50450         0.75000        0.051719
0.50550         0.75000        0.051717
0.50650         0.75000        0.051714
0.50750         0.75000        0.051710
0.50850         0.75000        0.051706
0.50950         0.75000        0.051702
0.51050         0.75000        0.051696
0.51150         0.75000        0.051691
0.51250         0.75000        0.051685
0.51350         0.75000        0.051678
0.51450         0.75000        0.051671
0.51550         0.75000        0.051663
0.51650         0.75000        0.051655
0.51750         0.75000        0.051646
0.51850         0.75000        0.051637
0.51950         0.75000        0.051628
0.52050         0.75000        0.051617
0.52150         0.75000        0.051607
0.52250         0.75000        0.051595
0.52350         0.75000        0.051584
0.52450         0.75000        0.051571
0.52550         0.75000        0.051559
0.52650         0.75000        0.051545
0.52750         0.75000        0.051532
0.52850         0.75000        0.051517
0.52950         0.75000        0.051503
0.53050         0.75000        0.051487
0.53150         0.75000        0.051471
0.53250         0.75000        0.051455
0.53350         0.75000        0.051438
0.53450         0.75000        0.051421
0.53550         0.75000        0.051403
0.53650         0.75000        0.051385
0.53750         0.75000        0.051366
0.53850         0.75000        0.051347
0.53950         0.75000        0.051327
0.54050         0.75000        0.051306
0.54150         0.75000        0.051286
0.54250         0.75000        0.051264
0.54350         0.75000        0.051242
0.54450         0.75000        0.051220
0.54550         0.75000        0.051197
0.54650         0.75000        0.051174
0.54750         0.75000        0.051150
0.54850         0.75000        0.051125
0.54950         0.75000        0.051100
0.55050         0.75000        0.051075
0.55150         0.75000        0.051049
0.55250         0.75000        0.051023
0.55350         0.75000        0.050996
0.55450         0.75000        0.050968
0.55550         0.75000        0.050940
0.55650         0.75000        0.050912
0.55750         0.75000        0.050883
0.55850         0.75000        0.050853
0.55950         0.75000        0.050824
0.56050         0.75000        0.050793
0.56150         0.75000        0.050762
0.56250         0.75000        0.050731
0.56350         0.75000        0.050699
0.56450         0.75000        0.050666
0.56550         0.75000        0.050633
0.56650         0.75000        0.050600
0.56750         0.75000        0.050566
0.56850         0.75000        0.050531
0.56950         0.75000        0.050497
0.57050         0.75000        0.050461
0.57150         0.75000        0.050425
0.57250         0.75000        0.050389
0.57350         0.75000        0.050352
0.57450         0.75000        0.050314
0.57550         0.75000        0.050276
0.57650         0.75000        0.050238
0.57750         0.75000        0.050199
0.57850         0.75000        0.050160
0.57950         0.75000        0.050120
0.58050         0.75000        0.050079
0.58150         0.75000        0.050038
0.58250         0.75000        0.049997
0.58350         0.75000        0.049955
0.58450         0.75000        0.049913
0.58550         0.75000        0.049870
0.58650         0.75000        0.049826
0.58750         0.75000        0.049783
0.58850         0.75000        0.049738
0.58950         0.75000        0.049693
0.59050         0.75000        0.049648
0.59150         0.75000        0.049602
0.59250         0.75000        0.049556
0.59350         0.75000        0.049509
0.59450         0.75000        0.049462
0.59550         0.75000        0.049414
0.59650         0.75000        0.049366
0.59750         0.75000        0.049317
0.59850         0.75000        0.049268
0.59950         0.75000        0.049218
0.60050         0.75000        0.049168
0.60150         0.75000        0.049117
0.60250         0.75000        0.049066
0.60350         0.75000        0.049014
0.60450         0.75000        0.048962
0.60550         0.75000        0.048909
0.60650         0.75000        0.048856
0.60750         0.75000        0.048803
0.60850         0.75000        0.048749
0.60950         0.75000        0.048694
0.61050         0.75000        0.048639
0.61150         0.75000        0.048584
0.61250         0.75000        0.048528
0.61350         0.75000        0.048471
0.61450         0.75000        0.048414
0.61550         0.75000        0.048357
0.61650         0.75000        0.048299
0.61750         0.75000        0.048240
0.61850         0.75000        0.048181
0.61950         0.75000        0.048122
0.62050         0.75000        0.048062
0.62150         0.75000        0.048002
0.62250         0.75000        0.047941
0.62350         0.75000        0.047880
0.62450         0.75000        0.047818
0.62550         0.75000        0.047756
0.62650         0.75000        0.047693
0.62750         0.75000        0.047630
0.62850         0.75000        0.047567
0.62950         0.75000        0.047503
0.63050         0.75000        0.047438
0.63150         0.75000        0.047373
0.63250         0.75000        0.047308
0.63350         0.75000        0.047242
0.63450         0.75000        0.047175
0.63550         0.75000        0.047108
0.63650         0.75000        0.047041
0.63750         0.75000        0.046973
0.63850         0.75000        0.046905
0.63950         0.75000        0.046836
0.64050         0.75000        0.046767
0.64150         0.75000        0.046697
0.64250         0.75000        0.046627
0.64350         0.75000        0.046557
0.64450         0.75000        0.046486
0.64550         0.75000        0.046414
0.64650         0.75000        0.046342
0.64750         0.75000        0.046270
0.64850         0.75000        0.046197
0.64950         0.75000        0.046124
0.65050         0.75000        0.046050
0.65150         0.75000        0.045976
0.65250         0.75000        0.045901
0.65350         0.75000        0.045826
0.65450         0.75000        0.045750
0.65550         0.75000        0.045674
0.65650         0.75000        0.045598
0.65750         0.75000        0.045521
0.65850         0.75000        0.045443
0.65950         0.75000        0.045366
0.66050         0.75000        0.045287
0.66150         0.75000        0.045209
0.66250         0.75000        0.045129
0.66350         0.75000        0.045050
0.66450         0.75000        0.044970
0.66550         0.75000        0.044889
0.66650         0.75000        0.044808
0.66750         0.75000        0.044727
0.66850         0.75000        0.044645
0.66950         0.75000        0.044563
0.67050         0.75000        0.044480
0.67150         0.75000        0.044397
0.67250         0.75000        0.044313
0.67350         0.75000        0.044229
0.67450         0.75000        0.044145
0.67550         0.75000        0.044060
0.67650         0.75000        0.043975
0.67750         0.75000        0.043889
0.67850         0.75000        0.043803
0.67950         0.75000        0.043716
0.68050         0.75000        0.043629
0.68150         0.75000        0.043541
0.68250         0.75000        0.043453
0.68350         0.75000        0.043365
0.68450         0.75000        0.043276
0.68550         0.75000        0.043187
0.68650         0.75000        0.043097
0.68750         0.75000        0.043007
0.68850         0.75000        0.042917
0.68950         0.75000        0.042826
0.69050         0.75000        0.042735
0.69150         0.75000        0.042643
0.69250         0.75000        0.042551
0.69350         0.75000        0.042458
0.69450         0.75000        0.042365
0.69550         0.75000        0.042272
0.69650         0.75000        0.042178
0.69750         0.75000        0.042084
0.69850         0.75000        0.041989
0.69950         0.75000        0.041894
0.70050         0.75000        0.041798
0.70150         0.75000        0.041702
0.70250         0.75000        0.041606
0.70350         0.75000        0.041509
0.70450         0.75000        0.041412
0.70550         0.75000        0.041314
0.70650         0.75000        0.041217
0.70750         0.75000        0.041118
0.70850         0.75000        0.041019
0.70950         0.75000        0.040920
0.71050         0.75000        0.040821
0.71150         0.75000        0.040721
0.71250         0.75000        0.040620
0.71350         0.75000        0.040519
0.71450         0.75000        0.040418
0.71550         0.75000        0.040317
0.71650         0.75000        0.040215
0.71750         0.75000        0.040112
0.71850         0.75000        0.040009
0.71950         0.75000        0.039906
0.72050         0.75000        0.039803
0.72150         0.75000        0.039699
0.72250         0.75000        0.039594
0.72350         0.75000        0.039490
0.72450         0.75000        0.039384
0.72550         0.75000        0.039279
0.72650         0.75000        0.039173
0.72750         0.75000        0.039067
0.72850         0.75000        0.038960
0.72950         0.75000        0.038853
0.73050         0.75000        0.038745
0.73150         0.75000        0.038638
0.73250         0.75000        0.038529
0.73350         0.75000        0.038421
0.73450         0.75000        0.038312
0.73550         0.75000        0.038202
0.73650         0.75000        0.038093
0.73750         0.75000        0.037983
0.73850         0.75000        0.037872
0.73950         0.75000        0.037761
0.74050         0.75000        0.037650
0.74150         0.75000        0.037538
0.74250         0.75000        0.037426
0.74350         0.75000        0.037314
0.74450         0.75000        0.037201
0.74550         0.75000        0.037088
0.74650         0.75000        0.036975
0.74750         0.75000        0.036861
0.74850         0.75000        0.036747
0.74950         0.75000        0.036632
0.75050         0.75000        0.036517
0.75150         0.75000        0.036402
0.75250         0.75000        0.036286
0.75350         0.75000        0.036170
0.75450         0.75000        0.036054
0.75550         0.75000        0.035937
0.75650         0.75000        0.035820
0.75750         0.75000        0.035703
0.75850         0.75000        0.035585
0.75950         0.75000        0.035467
0.76050         0.75000        0.035349
0.76150         0.75000        0.035230
0.76250         0.75000        0.035111
0.76350         0.75000        0.034991
0.76450         0.75000        0.034871
0.76550         0.75000        0.034751
0.76650         0.75000        0.034631
0.76750         0.75000        0.034510
0.76850         0.75000        0.034389
0.76950         0.75000        0.034267
0.77050         0.75000        0.034145
0.77150         0.75000        0.034023
0.77250         0.75000        0.033900
0.77350         0.75000        0.033777
0.77450         0.75000        0.033654
0.77550         0.75000        0.033531
0.77650         0.75000        0.033407
0.77750         0.75000        0.033282
0.77850         0.75000        0.033158
0.77950         0.75000        0.033033
0.78050         0.75000        0.032908
0.78150         0.75000        0.032782
0.78250         0.75000        0.032656
0.78350         0.75000        0.032530
0.78450         0.75000        0.032404
0.78550         0.75000        0.032277
0.78650         0.75000        0.032150
0.78750         0.75000        0.032022
0.78850         0.75000        0.031895
0.78950         0.75000        0.031767
0.79050         0.75000        0.031638
0.79150         0.75000        0.031509
0.79250         0.75000        0.031380
0.79350         0.75000        0.031251
0.79450         0.75000        0.031121
0.79550         0.75000        0.030991
0.79650         0.75000        0.030861
0.79750         0.75000        0.030731
0.79850         0.75000        0.030600
0.79950         0.75000        0.030469
0.80050         0.75000        0.030337
0.80150         0.75000        0.030205
0.80250         0.75000        0.030073
0.80350         0.75000        0.029941
0.80450         0.75000        0.029808
0.80550         0.75000        0.029675
0.80650         0.75000        0.029542
0.80750         0.75000        0.029409
0.80850         0.75000        0.029275
0.80950         0.75000        0.029141
0.81050         0.75000        0.029006
0.81150         0.75000        0.028872
0.81250         0.75000        0.028737
0.81350         0.75000        0.028601
0.81450         0.75000        0.028466
0.81550         0.75000        0.028330
0.81650         0.75000        0.028194
0.81750         0.75000        0.028058
0.81850         0.75000        0.027921
0.81950         0.75000        0.027784
0.82050         0.75000        0.027647
0.82150         0.75000        0.027509
0.82250         0.75000        0.027372
0.82350         0.75000        0.027234
0.82450         0.75000        0.027095
0.82550         0.75000        0.026957
0.82650         0.75000        0.026818
0.82750         0.75000        0.026679
0.82850         0.75000        0.026539
0.82950         0.75000        0.026400
0.83050         0.75000        0.026260
0.83150         0.75000        0.026120
0.83250         0.75000        0.025979
0.83350         0.75000        0.025839
0.83450         0.75000        0.025698
0.83550         0.75000        0.025557
0.83650         0.75000        0.025415
0.83750         0.75000        0.025274
0.83850         0.75000        0.025132
0.83950         0.75000        0.024990
0.84050         0.75000        0.024847
0.84150         0.75000        0.024705
0.84250         0.75000        0.024562
0.84350         0.75000        0.024419
0.84450         0.75000        0.024275
0.84550         0.75000        0.024132
0.84650         0.75000        0.023988
0.84750         0.75000        0.023844
0.84850         0.75000        0.023699
0.84950         0.75000        0.023555
0.85050         0.75000        0.023410
0.85150         0.75000        0.023265
0.85250         0.75000        0.023120
0.85350         0.75000        0.022974
0.85450         0.75000        0.022829
0.85550         0.75000        0.022683
0.85650         0.75000        0.022537
0.85750         0.75000        0.022390
0.85850         0.75000        0.022244
0.85950         0.75000        0.022097
0.86050         0.75000        0.021950
0.86150         0.75000        0.021802
0.86250         0.75000        0.021655
0.86350         0.75000        0.021507
0.86450         0.75000        0.021359
0.86550         0.75000        0.021211
0.86650         0.75000        0.021063
0.86750         0.75000        0.020915
0.86850         0.75000        0.020766
0.86950         0.75000        0.020617
0.87050         0.75000        0.020468
0.87150         0.75000        0.020318
0.87250         0.75000        0.020169
0.87350         0.75000        0.020019
0.87450         0.75000        0.019869
0.87550         0.75000        0.019719
0.87650         0.75000        0.019569
0.87750         0.75000        0.019418
0.87850         0.75000        0.019268
0.87950         0.75000        0.019117
0.88050         0.75000        0.018966
0.88150         0.75000        0.018814
0.88250         0.75000        0.018663
0.88350         0.75000        0.018511
0.88450         0.75000        0.018359
0.88550         0.75000        0.018207
0.88650         0.75000        0.018055
0.88750         0.75000        0.017903
0.88850         0.75000        0.017750
0.88950         0.75000        0.017597
0.89050         0.75000        0.017445
0.89150         0.75000        0.017292
0.89250         0.75000        0.017138
0.89350         0.75000        0.016985
0.89450         0.75000        0.016831
0.89550         0.75000        0.016678
0.89650         0.75000        0.016524
0.89750         0.75000        0.016370
0.89850         0.75000        0.016215
0.89950         0.75000        0.016061
0.90050         0.75000        0.015906
0.90150         0.75000        0.015752
0.90250         0.75000        0.015597
0.90350         0.75000        0.015442
0.90450         0.75000        0.015287
0.90550         0.75000        0.015131
0.90650         0.75000        0.014976
0.90750         0.75000        0.014820
0.90850         0.75000        0.014665
0.90950         0.75000        0.014509
0.91050         0.75000        0.014353
0.91150         0.75000        0.014196
0.91250         0.75000        0.014040
0.91350         0.75000        0.013884
0.91450         0.75000        0.013727
0.91550         0.75000        0.013570
0.91650         0.75000        0.013413
0.91750         0.75000        0.013256
0.91850         0.75000        0.013099
0.91950         0.75000        0.012942
0.92050         0.75000        0.012785
0.92150         0.75000        0.012627
0.92250         0.75000        0.012469
0.92350         0.75000        0.012312
0.92450         0.75000        0.012154
0.92550         0.75000        0.011996
0.92650         0.75000        0.011838
0.92750         0.75000        0.011679
0.92850         0.75000        0.011521
0.92950         0.75000        0.011363
0.93050         0.75000        0.011204
0.93150         0.75000        0.011045
0.93250         0.75000        0.010887
0.93350         0.75000        0.010728
0.93450         0.75000        0.010569
0.93550         0.75000        0.010410
0.93650         0.75000        0.010250
0.93750         0.75000        0.010091
0.93850         0.75000        0.0099315
0.93950         0.75000        0.0097720
0.94050         0.75000        0.0096124
0.94150         0.75000        0.0094527
0.94250         0.75000        0.0092929
0.94350         0.75000        0.0091330
0.94450         0.75000        0.0089730
0.94550         0.75000        0.0088129
0.94650         0.75000        0.0086527
0.94750         0.75000        0.0084925
0.94850         0.75000        0.0083322
0.94950         0.75000        0.0081717
0.95050         0.75000        0.0080112
0.95150         0.75000        0.0078507
0.95250         0.75000        0.0076900
0.95350         0.75000        0.0075293
0.95450         0.75000        0.0073685
0.95550         0.75000        0.0072076
0.95650         0.75000        0.0070467
0.95750         0.75000        0.0068857
0.95850         0.75000        0.0067246
0.95950         0.75000        0.0065634
0.96050         0.75000        0.0064022
0.96150         0.75000        0.0062409
0.96250         0.75000        0.0060796
0.96350         0.75000        0.0059182
0.96450         0.75000        0.0057567
0.96550         0.75000        0.0055952
0.96650         0.75000        0.0054336
0.96750         0.75000        0.0052720
0.96850         0.75000        0.0051103
0.96950         0.75000        0.0049486
0.97050         0.75000        0.0047868
0.97150         0.75000        0.0046250
0.97250         0.75000        0.0044631
0.97350         0.75000        0.0043012
0.97450         0.75000        0.0041393
0.97550         0.75000        0.0039773
0.97650         0.75000        0.0038152
0.97750         0.75000        0.0036532
0.97850         0.75000        0.0034911
0.97950         0.75000        0.0033289
0.98050         0.75000        0.0031667
0.98150         0.75000        0.0030045
0.98250         0.75000        0.0028423
0.98350         0.75000        0.0026800
0.98450         0.75000        0.0025177
0.98550         0.75000        0.0023554
0.98650         0.75000        0.0021931
0.98750         0.75000        0.0020307
0.98850         0.75000        0.0018683
0.98950         0.75000        0.0017059
0.99050         0.75000        0.0015435
0.99150         0.75000        0.0013811
0.99250         0.75000        0.0012186
0.99350         0.75000        0.0010562
0.99450         0.75000        8.9369E-4
0.99550         0.75000        7.3122E-4
0.99650         0.75000        5.6874E-4
0.99750         0.75000        4.0625E-4
0.99850         0.75000        2.4376E-4
0.99950         0.75000        8.1254E-5
