5.0000E-4       0.25000        5.7617E-4
0.0015000       0.25000        0.0017285
0.0025000       0.25000        0.0028807
0.0035000       0.25000        0.0040329
0.0045000       0.25000        0.0051850
0.0055000       0.25000        0.0063370
0.0065000       0.25000        0.0074891
0.0075000       0.25000        0.0086410
0.0085000       0.25000        0.0097929
0.0095000       0.25000        0.010945
0.010500        0.25000        0.012096
0.011500        0.25000        0.013248
0.012500        0.25000        0.014400
0.013500        0.25000        0.015551
0.014500        0.25000        0.016702
0.015500        0.25000        0.017853
0.016500        0.25000        0.019004
0.017500        0.25000        0.020154
0.018500        0.25000        0.021305
0.019500        0.25000        0.022455
0.020500        0.25000        0.023605
0.021500        0.25000        0.024755
0.022500        0.25000        0.025904
0.023500        0.25000        0.027053
0.024500        0.25000        0.028202
0.025500        0.25000        0.029351
0.026500        0.25000        0.030499
0.027500        0.25000        0.031647
0.028500        0.25000        0.032795
0.029500        0.25000        0.033943
0.030500        0.25000        0.035090
0.031500        0.25000        0.036237
0.032500        0.25000        0.037383
0.033500        0.25000        0.038529
0.034500        0.25000        0.039675
0.035500        0.25000        0.040820
0.036500        0.25000        0.041965
0.037500        0.25000        0.043109
0.038500        0.25000        0.044254
0.039500        0.25000        0.045397
0.040500        0.25000        0.046540
0.041500        0.25000        0.047683
0.042500        0.25000        0.048825
0.043500        0.25000        0.049967
0.044500        0.25000        0.051108
0.045500        0.25000        0.052249
0.046500        0.25000        0.053389
0.047500        0.25000        0.054529
0.048500        0.25000        0.055668
0.049500        0.25000        0.056807
0.050500        0.25000        0.057945
0.051500        0.25000        0.059083
0.052500        0.25000        0.060219
0.053500        0.25000        0.061356
0.054500        0.25000        0.062491
0.055500        0.25000        0.063626
0.056500        0.25000        0.064761
0.057500        0.25000        0.065895
0.058500        0.25000        0.067028
0.059500        0.25000        0.068160
0.060500        0.25000        0.069292
0.061500        0.25000        0.070424
0.062500        0.25000        0.071554
0.063500        0.25000        0.072684
0.064500        0.25000        0.073813
0.065500        0.25000        0.074941
0.066500        0.25000        0.076069
0.067500        0.25000        0.077195
0.068500        0.25000        0.078321
0.069500        0.25000        0.079447
0.070500        0.25000        0.080571
0.071500        0.25000        0.081695
0.072500        0.25000        0.082818
0.073500        0.25000        0.083940
0.074500        0.25000        0.085061
0.075500        0.25000        0.086182
0.076500        0.25000        0.087301
0.077500        0.25000        0.088420
0.078500        0.25000        0.089538
0.079500        0.25000        0.090655
0.080500        0.25000        0.091771
0.081500        0.25000        0.092886
0.082500        0.25000        0.094000
0.083500        0.25000        0.095113
0.084500        0.25000        0.096226
0.085500        0.25000        0.097337
0.086500        0.25000        0.098448
0.087500        0.25000        0.099557
0.088500        0.25000        0.10067
0.089500        0.25000        0.10177
0.090500        0.25000        0.10288
0.091500        0.25000        0.10399
0.092500        0.25000        0.10509
0.093500        0.25000        0.10619
0.094500        0.25000        0.10730
0.095500        0.25000        0.10840
0.096500        0.25000        0.10950
0.097500        0.25000        0.11060
0.098500        0.25000        0.11169
0.099500        0.25000        0.11279
0.10050         0.25000        0.11389
0.10150         0.25000        0.11498
0.10250         0.25000        0.11608
0.10350         0.25000        0.11717
0.10450         0.25000        0.11826
0.10550         0.25000        0.11935
0.10650         0.25000        0.12044
0.10750         0.25000        0.12153
0.10850         0.25000        0.12261
0.10950         0.25000        0.12370
0.11050         0.25000        0.12478
0.11150         0.25000        0.12586
0.11250         0.25000        0.12695
0.11350         0.25000        0.12803
0.11450         0.25000        0.12911
0.11550         0.25000        0.13018
0.11650         0.25000        0.13126
0.11750         0.25000        0.13234
0.11850         0.25000        0.13341
0.11950         0.25000        0.13448
0.12050         0.25000        0.13555
0.12150         0.25000        0.13662
0.12250         0.25000        0.13769
0.12350         0.25000        0.13876
0.12450         0.25000        0.13983
0.12550         0.25000        0.14089
0.12650         0.25000        0.14195
0.12750         0.25000        0.14301
0.12850         0.25000        0.14408
0.12950         0.25000        0.14513
0.13050         0.25000        0.14619
0.13150         0.25000        0.14725
0.13250         0.25000        0.14830
0.13350         0.25000        0.14936
0.13450         0.25000        0.15041
0.13550         0.25000        0.15146
0.13650         0.25000        0.15251
0.13750         0.25000        0.15355
0.13850         0.25000        0.15460
0.13950         0.25000        0.15564
0.14050         0.25000        0.15669
0.14150         0.25000        0.15773
0.14250         0.25000        0.15877
0.14350         0.25000        0.15980
0.14450         0.25000        0.16084
0.14550         0.25000        0.16188
0.14650         0.25000        0.16291
0.14750         0.25000        0.16394
0.14850         0.25000        0.16497
0.14950         0.25000        0.16600
0.15050         0.25000        0.16702
0.15150         0.25000        0.16805
0.15250         0.25000        0.16907
0.15350         0.25000        0.17009
0.15450         0.25000        0.17111
0.15550         0.25000        0.17213
0.15650         0.25000        0.17315
0.15750         0.25000        0.17416
0.15850         0.25000        0.17518
0.15950         0.25000        0.17619
0.16050         0.25000        0.17720
0.16150         0.25000        0.17821
0.16250         0.25000        0.17921
0.16350         0.25000        0.18022
0.16450         0.25000        0.18122
0.16550         0.25000        0.18222
0.16650         0.25000        0.18322
0.16750         0.25000        0.18422
0.16850         0.25000        0.18521
0.16950         0.25000        0.18621
0.17050         0.25000        0.18720
0.17150         0.25000        0.18819
0.17250         0.25000        0.18918
0.17350         0.25000        0.19016
0.17450         0.25000        0.19115
0.17550         0.25000        0.19213
0.17650         0.25000        0.19311
0.17750         0.25000        0.19409
0.17850         0.25000        0.19507
0.17950         0.25000        0.19604
0.18050         0.25000        0.19701
0.18150         0.25000        0.19798
0.18250         0.25000        0.19895
0.18350         0.25000        0.19992
0.18450         0.25000        0.20089
0.18550         0.25000        0.20185
0.18650         0.25000        0.20281
0.18750         0.25000        0.20377
0.18850         0.25000        0.20473
0.18950         0.25000        0.20568
0.19050         0.25000        0.20663
0.19150         0.25000        0.20758
0.19250         0.25000        0.20853
0.19350         0.25000        0.20948
0.19450         0.25000        0.21042
0.19550         0.25000        0.21137
0.19650         0.25000        0.21231
0.19750         0.25000        0.21325
0.19850         0.25000        0.21418
0.19950         0.25000        0.21512
0.20050         0.25000        0.21605
0.20150         0.25000        0.21698
0.20250         0.25000        0.21791
0.20350         0.25000        0.21883
0.20450         0.25000        0.21976
0.20550         0.25000        0.22068
0.20650         0.25000        0.22160
0.20750         0.25000        0.22251
0.20850         0.25000        0.22343
0.20950         0.25000        0.22434
0.21050         0.25000        0.22525
0.21150         0.25000        0.22616
0.21250         0.25000        0.22707
0.21350         0.25000        0.22797
0.21450         0.25000        0.22887
0.21550         0.25000        0.22977
0.21650         0.25000        0.23067
0.21750         0.25000        0.23156
0.21850         0.25000        0.23246
0.21950         0.25000        0.23335
0.22050         0.25000        0.23423
0.22150         0.25000        0.23512
0.22250         0.25000        0.23600
0.22350         0.25000        0.23688
0.22450         0.25000        0.23776
0.22550         0.25000        0.23864
0.22650         0.25000        0.23951
0.22750         0.25000        0.24038
0.22850         0.25000        0.24125
0.22950         0.25000        0.24212
0.23050         0.25000        0.24298
0.23150         0.25000        0.24385
0.23250         0.25000        0.24470
0.23350         0.25000        0.24556
0.23450         0.25000        0.24642
0.23550         0.25000        0.24727
0.23650         0.25000        0.24812
0.23750         0.25000        0.24897
0.23850         0.25000        0.24981
0.23950         0.25000        0.25065
0.24050         0.25000        0.25149
0.24150         0.25000        0.25233
0.24250         0.25000        0.25317
0.24350         0.25000        0.25400
0.24450         0.25000        0.25483
0.24550         0.25000        0.25566
0.24650         0.25000        0.25648
0.24750         0.25000        0.25730
0.24850         0.25000        0.25812
0.24950         0.25000        0.25894
0.25050         0.25000        0.25975
0.25150         0.25000        0.26057
0.25250         0.25000        0.26138
0.25350         0.25000        0.26218
0.25450         0.25000        0.26299
0.25550         0.25000        0.26379
0.25650         0.25000        0.26459
0.25750         0.25000        0.26539
0.25850         0.25000        0.26618
0.25950         0.25000        0.26697
0.26050         0.25000        0.26776
0.26150         0.25000        0.26855
0.26250         0.25000        0.26933
0.26350         0.25000        0.27011
0.26450         0.25000        0.27089
0.26550         0.25000        0.27166
0.26650         0.25000        0.27244
0.26750         0.25000        0.27321
0.26850         0.25000        0.27397
0.26950         0.25000        0.27474
0.27050         0.25000        0.27550
0.27150         0.25000        0.27626
0.27250         0.25000        0.27702
0.27350         0.25000        0.27777
0.27450         0.25000        0.27852
0.27550         0.25000        0.27927
0.27650         0.25000        0.28002
0.27750         0.25000        0.28076
0.27850         0.25000        0.28150
0.27950         0.25000        0.28224
0.28050         0.25000        0.28297
0.28150         0.25000        0.28370
0.28250         0.25000        0.28443
0.28350         0.25000        0.28516
0.28450         0.25000        0.28588
0.28550         0.25000        0.28660
0.28650         0.25000        0.28732
0.28750         0.25000        0.28803
0.28850         0.25000        0.28875
0.28950         0.25000        0.28945
0.29050         0.25000        0.29016
0.29150         0.25000        0.29086
0.29250         0.25000        0.29156
0.29350         0.25000        0.29226
0.29450         0.25000        0.29296
0.29550         0.25000        0.29365
0.29650         0.25000        0.29434
0.29750         0.25000        0.29502
0.29850         0.25000        0.29571
0.29950         0.25000        0.29639
0.30050         0.25000        0.29706
0.30150         0.25000        0.29774
0.30250         0.25000        0.29841
0.30350         0.25000        0.29908
0.30450         0.25000        0.29974
0.30550         0.25000        0.30041
0.30650         0.25000        0.30107
0.30750         0.25000        0.30172
0.30850         0.25000        0.30238
0.30950         0.25000        0.30303
0.31050         0.25000        0.30367
0.31150         0.25000        0.30432
0.31250         0.25000        0.30496
0.31350         0.25000        0.30560
0.31450         0.25000        0.30624
0.31550         0.25000        0.30687
0.31650         0.25000        0.30750
0.31750         0.25000        0.30812
0.31850         0.25000        0.30875
0.31950         0.25000        0.30937
0.32050         0.25000        0.30999
0.32150         0.25000        0.31060
0.32250         0.25000        0.31121
0.32350         0.25000        0.31182
0.32450         0.25000        0.31242
0.32550         0.25000        0.31303
0.32650         0.25000        0.31363
0.32750         0.25000        0.31422
0.32850         0.25000        0.31481
0.32950         0.25000        0.31540
0.33050         0.25000        0.31599
0.33150         0.25000        0.31657
0.33250         0.25000        0.31715
0.33350         0.25000        0.31773
0.33450         0.25000        0.31830
0.33550         0.25000        0.31888
0.33650         0.25000        0.31944
0.33750         0.25000        0.32001
0.33850         0.25000        0.32057
0.33950         0.25000        0.32113
0.34050         0.25000        0.32168
0.34150         0.25000        0.32223
0.34250         0.25000        0.32278
0.34350         0.25000        0.32333
0.34450         0.25000        0.32387
0.34550         0.25000        0.32441
0.34650         0.25000        0.32495
0.34750         0.25000        0.32548
0.34850         0.25000        0.32601
0.34950         0.25000        0.32654
0.35050         0.25000        0.32706
0.35150         0.25000        0.32758
0.35250         0.25000        0.32810
0.35350         0.25000        0.32861
0.35450         0.25000        0.32912
0.35550         0.25000        0.32963
0.35650         0.25000        0.33013
0.35750         0.25000        0.33063
0.35850         0.25000        0.33113
0.35950         0.25000        0.33162
0.36050         0.25000        0.33211
0.36150         0.25000        0.33260
0.36250         0.25000        0.33308
0.36350         0.25000        0.33356
0.36450         0.25000        0.33404
0.36550         0.25000        0.33451
0.36650         0.25000        0.33499
0.36750         0.25000        0.33545
0.36850         0.25000        0.33592
0.36950         0.25000        0.33638
0.37050         0.25000        0.33684
0.37150         0.25000        0.33729
0.37250         0.25000        0.33774
0.37350         0.25000        0.33819
0.37450         0.25000        0.33863
0.37550         0.25000        0.33907
0.37650         0.25000        0.33951
0.37750         0.25000        0.33995
0.37850         0.25000        0.34038
0.37950         0.25000        0.34080
0.38050         0.25000        0.34123
0.38150         0.25000        0.34165
0.38250         0.25000        0.34207
0.38350         0.25000        0.34248
0.38450         0.25000        0.34289
0.38550         0.25000        0.34330
0.38650         0.25000        0.34370
0.38750         0.25000        0.34410
0.38850         0.25000        0.34450
0.38950         0.25000        0.34489
0.39050         0.25000        0.34528
0.39150         0.25000        0.34567
0.39250         0.25000        0.34606
0.39350         0.25000        0.34644
0.39450         0.25000        0.34681
0.39550         0.25000        0.34718
0.39650         0.25000        0.34755
0.39750         0.25000        0.34792
0.39850         0.25000        0.34828
0.39950         0.25000        0.34864
0.40050         0.25000        0.34900
0.40150         0.25000        0.34935
0.40250         0.25000        0.34970
0.40350         0.25000        0.35005
0.40450         0.25000        0.35039
0.40550         0.25000        0.35073
0.40650         0.25000        0.35106
0.40750         0.25000        0.35140
0.40850         0.25000        0.35172
0.40950         0.25000        0.35205
0.41050         0.25000        0.35237
0.41150         0.25000        0.35269
0.41250         0.25000        0.35300
0.41350         0.25000        0.35331
0.41450         0.25000        0.35362
0.41550         0.25000        0.35393
0.41650         0.25000        0.35423
0.41750         0.25000        0.35452
0.41850         0.25000        0.35482
0.41950         0.25000        0.35511
0.42050         0.25000        0.35539
0.42150         0.25000        0.35568
0.42250         0.25000        0.35596
0.42350         0.25000        0.35623
0.42450         0.25000        0.35650
0.42550         0.25000        0.35677
0.42650         0.25000        0.35704
0.42750         0.25000        0.35730
0.42850         0.25000        0.35756
0.42950         0.25000        0.35781
0.43050         0.25000        0.35807
0.43150         0.25000        0.35831
0.43250         0.25000        0.35856
0.43350         0.25000        0.35880
0.43450         0.25000        0.35904
0.43550         0.25000        0.35927
0.43650         0.25000        0.35950
0.43750         0.25000        0.35973
0.43850         0.25000        0.35995
0.43950         0.25000        0.36017
0.44050         0.25000        0.36038
0.44150         0.25000        0.36060
0.44250         0.25000        0.36081
0.44350         0.25000        0.36101
0.44450         0.25000        0.36121
0.44550         0.25000        0.36141
0.44650         0.25000        0.36160
0.44750         0.25000        0.36180
0.44850         0.25000        0.36198
0.44950         0.25000        0.36217
0.45050         0.25000        0.36235
0.45150         0.25000        0.36252
0.45250         0.25000        0.36270
0.45350         0.25000        0.36287
0.45450         0.25000        0.36303
0.45550         0.25000        0.36319
0.45650         0.25000        0.36335
0.45750         0.25000        0.36351
0.45850         0.25000        0.36366
0.45950         0.25000        0.36381
0.46050         0.25000        0.36395
0.46150         0.25000        0.36409
0.46250         0.25000        0.36423
0.46350         0.25000        0.36436
0.46450         0.25000        0.36449
0.46550         0.25000        0.36462
0.46650         0.25000        0.36474
0.46750         0.25000        0.36486
0.46850         0.25000        0.36498
0.46950         0.25000        0.36509
0.47050         0.25000        0.36520
0.47150         0.25000        0.36530
0.47250         0.25000        0.36541
0.47350         0.25000        0.36550
0.47450         0.25000        0.36560
0.47550         0.25000        0.36569
0.47650         0.25000        0.36577
0.47750         0.25000        0.36586
0.47850         0.25000        0.36594
0.47950         0.25000        0.36601
0.48050         0.25000        0.36609
0.48150         0.25000        0.36615
0.48250         0.25000        0.36622
0.48350         0.25000        0.36628
0.48450         0.25000        0.36634
0.48550         0.25000        0.36639
0.48650         0.25000        0.36644
0.48750         0.25000        0.36649
0.48850         0.25000        0.36653
0.48950         0.25000        0.36657
0.49050         0.25000        0.36661
0.49150         0.25000        0.36664
0.49250         0.25000        0.36667
0.49350         0.25000        0.36670
0.49450         0.25000        0.36672
0.49550         0.25000        0.36674
0.49650         0.25000        0.36675
0.49750         0.25000        0.36676
0.49850         0.25000        0.36677
0.49950         0.25000        0.36677
0.50050         0.25000        0.36677
0.50150         0.25000        0.36677
0.50250         0.25000        0.36676
0.50350         0.25000        0.36675
0.50450         0.25000        0.36674
0.50550         0.25000        0.36672
0.50650         0.25000        0.36670
0.50750         0.25000        0.36667
0.50850         0.25000        0.36664
0.50950         0.25000        0.36661
0.51050         0.25000        0.36657
0.51150         0.25000        0.36653
0.51250         0.25000        0.36649
0.51350         0.25000        0.36644
0.51450         0.25000        0.36639
0.51550         0.25000        0.36634
0.51650         0.25000        0.36628
0.51750         0.25000        0.36622
0.51850         0.25000        0.36615
0.51950         0.25000        0.36609
0.52050         0.25000        0.36601
0.52150         0.25000        0.36594
0.52250         0.25000        0.36586
0.52350         0.25000        0.36577
0.52450         0.25000        0.36569
0.52550         0.25000        0.36560
0.52650         0.25000        0.36550
0.52750         0.25000        0.36541
0.52850         0.25000        0.36530
0.52950         0.25000        0.36520
0.53050         0.25000        0.36509
0.53150         0.25000        0.36498
0.53250         0.25000        0.36486
0.53350         0.25000        0.36474
0.53450         0.25000        0.36462
0.53550         0.25000        0.36449
0.53650         0.25000        0.36436
0.53750         0.25000        0.36423
0.53850         0.25000        0.36409
0.53950         0.25000        0.36395
0.54050         0.25000        0.36381
0.54150         0.25000        0.36366
0.54250         0.25000        0.36351
0.54350         0.25000        0.36335
0.54450         0.25000        0.36319
0.54550         0.25000        0.36303
0.54650         0.25000        0.36287
0.54750         0.25000        0.36270
0.54850         0.25000        0.36252
0.54950         0.25000        0.36235
0.55050         0.25000        0.36217
0.55150         0.25000        0.36198
0.55250         0.25000        0.36180
0.55350         0.25000        0.36160
0.55450         0.25000        0.36141
0.55550         0.25000        0.36121
0.55650         0.25000        0.36101
0.55750         0.25000        0.36081
0.55850         0.25000        0.36060
0.55950         0.25000        0.36038
0.56050         0.25000        0.36017
0.56150         0.25000        0.35995
0.56250         0.25000        0.35973
0.56350         0.25000        0.35950
0.56450         0.25000        0.35927
0.56550         0.25000        0.35904
0.56650         0.25000        0.35880
0.56750         0.25000        0.35856
0.56850         0.25000        0.35831
0.56950         0.25000        0.35807
0.57050         0.25000        0.35781
0.57150         0.25000        0.35756
0.57250         0.25000        0.35730
0.57350         0.25000        0.35704
0.57450         0.25000        0.35677
0.57550         0.25000        0.35650
0.57650         0.25000        0.35623
0.57750         0.25000        0.35596
0.57850         0.25000        0.35568
0.57950         0.25000        0.35539
0.58050         0.25000        0.35511
0.58150         0.25000        0.35482
0.58250         0.25000        0.35452
0.58350         0.25000        0.35423
0.58450         0.25000        0.35393
0.58550         0.25000        0.35362
0.58650         0.25000        0.35331
0.58750         0.25000        0.35300
0.58850         0.25000        0.35269
0.58950         0.25000        0.35237
0.59050         0.25000        0.35205
0.59150         0.25000        0.35172
0.59250         0.25000        0.35140
0.59350         0.25000        0.35106
0.59450         0.25000        0.35073
0.59550         0.25000        0.35039
0.59650         0.25000        0.35005
0.59750         0.25000        0.34970
0.59850         0.25000        0.34935
0.59950         0.25000        0.34900
0.60050         0.25000        0.34864
0.60150         0.25000        0.34828
0.60250         0.25000        0.34792
0.60350         0.25000        0.34755
0.60450         0.25000        0.34718
0.60550         0.25000        0.34681
0.60650         0.25000        0.34644
0.60750         0.25000        0.34606
0.60850         0.25000        0.34567
0.60950         0.25000        0.34528
0.61050         0.25000        0.34489
0.61150         0.25000        0.34450
0.61250         0.25000        0.34410
0.61350         0.25000        0.34370
0.61450         0.25000        0.34330
0.61550         0.25000        0.34289
0.61650         0.25000        0.34248
0.61750         0.25000        0.34207
0.61850         0.25000        0.34165
0.61950         0.25000        0.34123
0.62050         0.25000        0.34080
0.62150         0.25000        0.34038
0.62250         0.25000        0.33995
0.62350         0.25000        0.33951
0.62450         0.25000        0.33907
0.62550         0.25000        0.33863
0.62650         0.25000        0.33819
0.62750         0.25000        0.33774
0.62850         0.25000        0.33729
0.62950         0.25000        0.33684
0.63050         0.25000        0.33638
0.63150         0.25000        0.33592
0.63250         0.25000        0.33545
0.63350         0.25000        0.33499
0.63450         0.25000        0.33451
0.63550         0.25000        0.33404
0.63650         0.25000        0.33356
0.63750         0.25000        0.33308
0.63850         0.25000        0.33260
0.63950         0.25000        0.33211
0.64050         0.25000        0.33162
0.64150         0.25000        0.33113
0.64250         0.25000        0.33063
0.64350         0.25000        0.33013
0.64450         0.25000        0.32963
0.64550         0.25000        0.32912
0.64650         0.25000        0.32861
0.64750         0.25000        0.32810
0.64850         0.25000        0.32758
0.64950         0.25000        0.32706
0.65050         0.25000        0.32654
0.65150         0.25000        0.32601
0.65250         0.25000        0.32548
0.65350         0.25000        0.32495
0.65450         0.25000        0.32441
0.65550         0.25000        0.32387
0.65650         0.25000        0.32333
0.65750         0.25000        0.32278
0.65850         0.25000        0.32223
0.65950         0.25000        0.32168
0.66050         0.25000        0.32113
0.66150         0.25000        0.32057
0.66250         0.25000        0.32001
0.66350         0.25000        0.31944
0.66450         0.25000        0.31888
0.66550         0.25000        0.31830
0.66650         0.25000        0.31773
0.66750         0.25000        0.31715
0.66850         0.25000        0.31657
0.66950         0.25000        0.31599
0.67050         0.25000        0.31540
0.67150         0.25000        0.31481
0.67250         0.25000        0.31422
0.67350         0.25000        0.31363
0.67450         0.25000        0.31303
0.67550         0.25000        0.31242
0.67650         0.25000        0.31182
0.67750         0.25000        0.31121
0.67850         0.25000        0.31060
0.67950         0.25000        0.30999
0.68050         0.25000        0.30937
0.68150         0.25000        0.30875
0.68250         0.25000        0.30812
0.68350         0.25000        0.30750
0.68450         0.25000        0.30687
0.68550         0.25000        0.30624
0.68650         0.25000        0.30560
0.68750         0.25000        0.30496
0.68850         0.25000        0.30432
0.68950         0.25000        0.30367
0.69050         0.25000        0.30303
0.69150         0.25000        0.30238
0.69250         0.25000        0.30172
0.69350         0.25000        0.30107
0.69450         0.25000        0.30041
0.69550         0.25000        0.29974
0.69650         0.25000        0.29908
0.69750         0.25000        0.29841
0.69850         0.25000        0.29774
0.69950         0.25000        0.29706
0.70050         0.25000        0.29639
0.70150         0.25000        0.29571
0.70250         0.25000        0.29502
0.70350         0.25000        0.29434
0.70450         0.25000        0.29365
0.70550         0.25000        0.29296
0.70650         0.25000        0.29226
0.70750         0.25000        0.29156
0.70850         0.25000        0.29086
0.70950         0.25000        0.29016
0.71050         0.25000        0.28945
0.71150         0.25000        0.28875
0.71250         0.25000        0.28803
0.71350         0.25000        0.28732
0.71450         0.25000        0.28660
0.71550         0.25000        0.28588
0.71650         0.25000        0.28516
0.71750         0.25000        0.28443
0.71850         0.25000        0.28370
0.71950         0.25000        0.28297
0.72050         0.25000        0.28224
0.72150         0.25000        0.28150
0.72250         0.25000        0.28076
0.72350         0.25000        0.28002
0.72450         0.25000        0.27927
0.72550         0.25000        0.27852
0.72650         0.25000        0.27777
0.72750         0.25000        0.27702
0.72850         0.25000        0.27626
0.72950         0.25000        0.27550
0.73050         0.25000        0.27474
0.73150         0.25000        0.27397
0.73250         0.25000        0.27321
0.73350         0.25000        0.27244
0.73450         0.25000        0.27166
0.73550         0.25000        0.27089
0.73650         0.25000        0.27011
0.73750         0.25000        0.26933
0.73850         0.25000        0.26855
0.73950         0.25000        0.26776
0.74050         0.25000        0.26697
0.74150         0.25000        0.26618
0.74250         0.25000        0.26539
0.74350         0.25000        0.26459
0.74450         0.25000        0.26379
0.74550         0.25000        0.26299
0.74650         0.25000        0.26218
0.74750         0.25000        0.26138
0.74850         0.25000        0.26057
0.74950         0.25000        0.25975
0.75050         0.25000        0.25894
0.75150         0.25000        0.25812
0.75250         0.25000        0.25730
0.75350         0.25000        0.25648
0.75450         0.25000        0.25566
0.75550         0.25000        0.25483
0.75650         0.25000        0.25400
0.75750         0.25000        0.25317
0.75850         0.25000        0.25233
0.75950         0.25000        0.25149
0.76050         0.25000        0.25065
0.76150         0.25000        0.24981
0.76250         0.25000        0.24897
0.76350         0.25000        0.24812
0.76450         0.25000        0.24727
0.76550         0.25000        0.24642
0.76650         0.25000        0.24556
0.76750         0.25000        0.24470
0.76850         0.25000        0.24385
0.76950         0.25000        0.24298
0.77050         0.25000        0.24212
0.77150         0.25000        0.24125
0.77250         0.25000        0.24038
0.77350         0.25000        0.23951
0.77450         0.25000        0.23864
0.77550         0.25000        0.23776
0.77650         0.25000        0.23688
0.77750         0.25000        0.23600
0.77850         0.25000        0.23512
0.77950         0.25000        0.23423
0.78050         0.25000        0.23335
0.78150         0.25000        0.23246
0.78250         0.25000        0.23156
0.78350         0.25000        0.23067
0.78450         0.25000        0.22977
0.78550         0.25000        0.22887
0.78650         0.25000        0.22797
0.78750         0.25000        0.22707
0.78850         0.25000        0.22616
0.78950         0.25000        0.22525
0.79050         0.25000        0.22434
0.79150         0.25000        0.22343
0.79250         0.25000        0.22251
0.79350         0.25000        0.22160
0.79450         0.25000        0.22068
0.79550         0.25000        0.21976
0.79650         0.25000        0.21883
0.79750         0.25000        0.21791
0.79850         0.25000        0.21698
0.79950         0.25000        0.21605
0.80050         0.25000        0.21512
0.80150         0.25000        0.21418
0.80250         0.25000        0.21325
0.80350         0.25000        0.21231
0.80450         0.25000        0.21137
0.80550         0.25000        0.21042
0.80650         0.25000        0.20948
0.80750         0.25000        0.20853
0.80850         0.25000        0.20758
0.80950         0.25000        0.20663
0.81050         0.25000        0.20568
0.81150         0.25000        0.20473
0.81250         0.25000        0.20377
0.81350         0.25000        0.20281
0.81450         0.25000        0.20185
0.81550         0.25000        0.20089
0.81650         0.25000        0.19992
0.81750         0.25000        0.19895
0.81850         0.25000        0.19798
0.81950         0.25000        0.19701
0.82050         0.25000        0.19604
0.82150         0.25000        0.19507
0.82250         0.25000        0.19409
0.82350         0.25000        0.19311
0.82450         0.25000        0.19213
0.82550         0.25000        0.19115
0.82650         0.25000        0.19016
0.82750         0.25000        0.18918
0.82850         0.25000        0.18819
0.82950         0.25000        0.18720
0.83050         0.25000        0.18621
0.83150         0.25000        0.18521
0.83250         0.25000        0.18422
0.83350         0.25000        0.18322
0.83450         0.25000        0.18222
0.83550         0.25000        0.18122
0.83650         0.25000        0.18022
0.83750         0.25000        0.17921
0.83850         0.25000        0.17821
0.83950         0.25000        0.17720
0.84050         0.25000        0.17619
0.84150         0.25000        0.17518
0.84250         0.25000        0.17416
0.84350         0.25000        0.17315
0.84450         0.25000        0.17213
0.84550         0.25000        0.17111
0.84650         0.25000        0.17009
0.84750         0.25000        0.16907
0.84850         0.25000        0.16805
0.84950         0.25000        0.16702
0.85050         0.25000        0.16600
0.85150         0.25000        0.16497
0.85250         0.25000        0.16394
0.85350         0.25000        0.16291
0.85450         0.25000        0.16188
0.85550         0.25000        0.16084
0.85650         0.25000        0.15980
0.85750         0.25000        0.15877
0.85850         0.25000        0.15773
0.85950         0.25000        0.15669
0.86050         0.25000        0.15564
0.86150         0.25000        0.15460
0.86250         0.25000        0.15355
0.86350         0.25000        0.15251
0.86450         0.25000        0.15146
0.86550         0.25000        0.15041
0.86650         0.25000        0.14936
0.86750         0.25000        0.14830
0.86850         0.25000        0.14725
0.86950         0.25000        0.14619
0.87050         0.25000        0.14513
0.87150         0.25000        0.14408
0.87250         0.25000        0.14301
0.87350         0.25000        0.14195
0.87450         0.25000        0.14089
0.87550         0.25000        0.13983
0.87650         0.25000        0.13876
0.87750         0.25000        0.13769
0.87850         0.25000        0.13662
0.87950         0.25000        0.13555
0.88050         0.25000        0.13448
0.88150         0.25000        0.13341
0.88250         0.25000        0.13234
0.88350         0.25000        0.13126
0.88450         0.25000        0.13018
0.88550         0.25000        0.12911
0.88650         0.25000        0.12803
0.88750         0.25000        0.12695
0.88850         0.25000        0.12586
0.88950         0.25000        0.12478
0.89050         0.25000        0.12370
0.89150         0.25000        0.12261
0.89250         0.25000        0.12153
0.89350         0.25000        0.12044
0.89450         0.25000        0.11935
0.89550         0.25000        0.11826
0.89650         0.25000        0.11717
0.89750         0.25000        0.11608
0.89850         0.25000        0.11498
0.89950         0.25000        0.11389
0.90050         0.25000        0.11279
0.90150         0.25000        0.11169
0.90250         0.25000        0.11060
0.90350         0.25000        0.10950
0.90450         0.25000        0.10840
0.90550         0.25000        0.10730
0.90650         0.25000        0.10619
0.90750         0.25000        0.10509
0.90850         0.25000        0.10399
0.90950         0.25000        0.10288
0.91050         0.25000        0.10177
0.91150         0.25000        0.10067
0.91250         0.25000        0.099557
0.91350         0.25000        0.098448
0.91450         0.25000        0.097337
0.91550         0.25000        0.096226
0.91650         0.25000        0.095113
0.91750         0.25000        0.094000
0.91850         0.25000        0.092886
0.91950         0.25000        0.091771
0.92050         0.25000        0.090655
0.92150         0.25000        0.089538
0.92250         0.25000        0.088420
0.92350         0.25000        0.087301
0.92450         0.25000        0.086182
0.92550         0.25000        0.085061
0.92650         0.25000        0.083940
0.92750         0.25000        0.082818
0.92850         0.25000        0.081695
0.92950         0.25000        0.080571
0.93050         0.25000        0.079447
0.93150         0.25000        0.078321
0.93250         0.25000        0.077195
0.93350         0.25000        0.076069
0.93450         0.25000        0.074941
0.93550         0.25000        0.073813
0.93650         0.25000        0.072684
0.93750         0.25000        0.071554
0.93850         0.25000        0.070424
0.93950         0.25000        0.069292
0.94050         0.25000        0.068160
0.94150         0.25000        0.067028
0.94250         0.25000        0.065895
0.94350         0.25000        0.064761
0.94450         0.25000        0.063626
0.94550         0.25000        0.062491
0.94650         0.25000        0.061356
0.94750         0.25000        0.060219
0.94850         0.25000        0.059083
0.94950         0.25000        0.057945
0.95050         0.25000        0.056807
0.95150         0.25000        0.055668
0.95250         0.25000        0.054529
0.95350         0.25000        0.053389
0.95450         0.25000        0.052249
0.95550         0.25000        0.051108
0.95650         0.25000        0.049967
0.95750         0.25000        0.048825
0.95850         0.25000        0.047683
0.95950         0.25000        0.046540
0.96050         0.25000        0.045397
0.96150         0.25000        0.044254
0.96250         0.25000        0.043109
0.96350         0.25000        0.041965
0.96450         0.25000        0.040820
0.96550         0.25000        0.039675
0.96650         0.25000        0.038529
0.96750         0.25000        0.037383
0.96850         0.25000        0.036237
0.96950         0.25000        0.035090
0.97050         0.25000        0.033943
0.97150         0.25000        0.032795
0.97250         0.25000        0.031647
0.97350         0.25000        0.030499
0.97450         0.25000        0.029351
0.97550         0.25000        0.028202
0.97650         0.25000        0.027053
0.97750         0.25000        0.025904
0.97850         0.25000        0.024755
0.97950         0.25000        0.023605
0.98050         0.25000        0.022455
0.98150         0.25000        0.021305
0.98250         0.25000        0.020154
0.98350         0.25000        0.019004
0.98450         0.25000        0.017853
0.98550         0.25000        0.016702
0.98650         0.25000        0.015551
0.98750         0.25000        0.014400
0.98850         0.25000        0.013248
0.98950         0.25000        0.012096
0.99050         0.25000        0.010945
0.99150         0.25000        0.0097929
0.99250         0.25000        0.0086410
0.99350         0.25000        0.0074891
0.99450         0.25000        0.0063370
0.99550         0.25000        0.0051850
0.99650         0.25000        0.0040329
0.99750         0.25000        0.0028807
0.99850         0.25000        0.0017285
0.99950         0.25000        5.7617E-4
