5.0000E-4       0.50000        2.1351E-4
0.0015000       0.50000        6.4053E-4
0.0025000       0.50000        0.0010675
0.0035000       0.50000        0.0014945
0.0045000       0.50000        0.0019214
0.0055000       0.50000        0.0023484
0.0065000       0.50000        0.0027753
0.0075000       0.50000        0.0032022
0.0085000       0.50000        0.0036290
0.0095000       0.50000        0.0040559
0.010500        0.50000        0.0044827
0.011500        0.50000        0.0049094
0.012500        0.50000        0.0053361
0.013500        0.50000        0.0057628
0.014500        0.50000        0.0061893
0.015500        0.50000        0.0066158
0.016500        0.50000        0.0070423
0.017500        0.50000        0.0074687
0.018500        0.50000        0.0078950
0.019500        0.50000        0.0083212
0.020500        0.50000        0.0087474
0.021500        0.50000        0.0091735
0.022500        0.50000        0.0095995
0.023500        0.50000        0.010025
0.024500        0.50000        0.010451
0.025500        0.50000        0.010877
0.026500        0.50000        0.011302
0.027500        0.50000        0.011728
0.028500        0.50000        0.012153
0.029500        0.50000        0.012578
0.030500        0.50000        0.013004
0.031500        0.50000        0.013429
0.032500        0.50000        0.013853
0.033500        0.50000        0.014278
0.034500        0.50000        0.014703
0.035500        0.50000        0.015127
0.036500        0.50000        0.015551
0.037500        0.50000        0.015975
0.038500        0.50000        0.016399
0.039500        0.50000        0.016823
0.040500        0.50000        0.017247
0.041500        0.50000        0.017670
0.042500        0.50000        0.018094
0.043500        0.50000        0.018517
0.044500        0.50000        0.018940
0.045500        0.50000        0.019362
0.046500        0.50000        0.019785
0.047500        0.50000        0.020207
0.048500        0.50000        0.020629
0.049500        0.50000        0.021051
0.050500        0.50000        0.021473
0.051500        0.50000        0.021895
0.052500        0.50000        0.022316
0.053500        0.50000        0.022737
0.054500        0.50000        0.023158
0.055500        0.50000        0.023578
0.056500        0.50000        0.023999
0.057500        0.50000        0.024419
0.058500        0.50000        0.024839
0.059500        0.50000        0.025259
0.060500        0.50000        0.025678
0.061500        0.50000        0.026097
0.062500        0.50000        0.026516
0.063500        0.50000        0.026935
0.064500        0.50000        0.027353
0.065500        0.50000        0.027771
0.066500        0.50000        0.028189
0.067500        0.50000        0.028607
0.068500        0.50000        0.029024
0.069500        0.50000        0.029441
0.070500        0.50000        0.029858
0.071500        0.50000        0.030274
0.072500        0.50000        0.030690
0.073500        0.50000        0.031106
0.074500        0.50000        0.031522
0.075500        0.50000        0.031937
0.076500        0.50000        0.032352
0.077500        0.50000        0.032766
0.078500        0.50000        0.033181
0.079500        0.50000        0.033594
0.080500        0.50000        0.034008
0.081500        0.50000        0.034421
0.082500        0.50000        0.034834
0.083500        0.50000        0.035247
0.084500        0.50000        0.035659
0.085500        0.50000        0.036071
0.086500        0.50000        0.036482
0.087500        0.50000        0.036893
0.088500        0.50000        0.037304
0.089500        0.50000        0.037715
0.090500        0.50000        0.038125
0.091500        0.50000        0.038534
0.092500        0.50000        0.038944
0.093500        0.50000        0.039353
0.094500        0.50000        0.039761
0.095500        0.50000        0.040169
0.096500        0.50000        0.040577
0.097500        0.50000        0.040984
0.098500        0.50000        0.041391
0.099500        0.50000        0.041798
0.10050         0.50000        0.042204
0.10150         0.50000        0.042610
0.10250         0.50000        0.043015
0.10350         0.50000        0.043420
0.10450         0.50000        0.043824
0.10550         0.50000        0.044228
0.10650         0.50000        0.044632
0.10750         0.50000        0.045035
0.10850         0.50000        0.045437
0.10950         0.50000        0.045839
0.11050         0.50000        0.046241
0.11150         0.50000        0.046643
0.11250         0.50000        0.047043
0.11350         0.50000        0.047444
0.11450         0.50000        0.047844
0.11550         0.50000        0.048243
0.11650         0.50000        0.048642
0.11750         0.50000        0.049040
0.11850         0.50000        0.049438
0.11950         0.50000        0.049836
0.12050         0.50000        0.050233
0.12150         0.50000        0.050630
0.12250         0.50000        0.051026
0.12350         0.50000        0.051421
0.12450         0.50000        0.051816
0.12550         0.50000        0.052211
0.12650         0.50000        0.052605
0.12750         0.50000        0.052998
0.12850         0.50000        0.053391
0.12950         0.50000        0.053783
0.13050         0.50000        0.054175
0.13150         0.50000        0.054567
0.13250         0.50000        0.054957
0.13350         0.50000        0.055348
0.13450         0.50000        0.055737
0.13550         0.50000        0.056127
0.13650         0.50000        0.056515
0.13750         0.50000        0.056903
0.13850         0.50000        0.057291
0.13950         0.50000        0.057678
0.14050         0.50000        0.058064
0.14150         0.50000        0.058450
0.14250         0.50000        0.058835
0.14350         0.50000        0.059220
0.14450         0.50000        0.059604
0.14550         0.50000        0.059987
0.14650         0.50000        0.060370
0.14750         0.50000        0.060752
0.14850         0.50000        0.061134
0.14950         0.50000        0.061515
0.15050         0.50000        0.061895
0.15150         0.50000        0.062275
0.15250         0.50000        0.062655
0.15350         0.50000        0.063033
0.15450         0.50000        0.063411
0.15550         0.50000        0.063788
0.15650         0.50000        0.064165
0.15750         0.50000        0.064541
0.15850         0.50000        0.064917
0.15950         0.50000        0.065292
0.16050         0.50000        0.065666
0.16150         0.50000        0.066039
0.16250         0.50000        0.066412
0.16350         0.50000        0.066784
0.16450         0.50000        0.067156
0.16550         0.50000        0.067527
0.16650         0.50000        0.067897
0.16750         0.50000        0.068267
0.16850         0.50000        0.068636
0.16950         0.50000        0.069004
0.17050         0.50000        0.069371
0.17150         0.50000        0.069738
0.17250         0.50000        0.070104
0.17350         0.50000        0.070470
0.17450         0.50000        0.070835
0.17550         0.50000        0.071199
0.17650         0.50000        0.071562
0.17750         0.50000        0.071925
0.17850         0.50000        0.072287
0.17950         0.50000        0.072648
0.18050         0.50000        0.073008
0.18150         0.50000        0.073368
0.18250         0.50000        0.073727
0.18350         0.50000        0.074086
0.18450         0.50000        0.074443
0.18550         0.50000        0.074800
0.18650         0.50000        0.075156
0.18750         0.50000        0.075512
0.18850         0.50000        0.075866
0.18950         0.50000        0.076220
0.19050         0.50000        0.076573
0.19150         0.50000        0.076926
0.19250         0.50000        0.077278
0.19350         0.50000        0.077628
0.19450         0.50000        0.077979
0.19550         0.50000        0.078328
0.19650         0.50000        0.078676
0.19750         0.50000        0.079024
0.19850         0.50000        0.079371
0.19950         0.50000        0.079717
0.20050         0.50000        0.080063
0.20150         0.50000        0.080408
0.20250         0.50000        0.080751
0.20350         0.50000        0.081095
0.20450         0.50000        0.081437
0.20550         0.50000        0.081778
0.20650         0.50000        0.082119
0.20750         0.50000        0.082459
0.20850         0.50000        0.082798
0.20950         0.50000        0.083136
0.21050         0.50000        0.083473
0.21150         0.50000        0.083810
0.21250         0.50000        0.084146
0.21350         0.50000        0.084481
0.21450         0.50000        0.084815
0.21550         0.50000        0.085148
0.21650         0.50000        0.085480
0.21750         0.50000        0.085812
0.21850         0.50000        0.086143
0.21950         0.50000        0.086472
0.22050         0.50000        0.086802
0.22150         0.50000        0.087130
0.22250         0.50000        0.087457
0.22350         0.50000        0.087783
0.22450         0.50000        0.088109
0.22550         0.50000        0.088434
0.22650         0.50000        0.088757
0.22750         0.50000        0.089080
0.22850         0.50000        0.089402
0.22950         0.50000        0.089724
0.23050         0.50000        0.090044
0.23150         0.50000        0.090363
0.23250         0.50000        0.090682
0.23350         0.50000        0.090999
0.23450         0.50000        0.091316
0.23550         0.50000        0.091632
0.23650         0.50000        0.091947
0.23750         0.50000        0.092261
0.23850         0.50000        0.092574
0.23950         0.50000        0.092886
0.24050         0.50000        0.093197
0.24150         0.50000        0.093508
0.24250         0.50000        0.093817
0.24350         0.50000        0.094126
0.24450         0.50000        0.094433
0.24550         0.50000        0.094740
0.24650         0.50000        0.095046
0.24750         0.50000        0.095350
0.24850         0.50000        0.095654
0.24950         0.50000        0.095957
0.25050         0.50000        0.096259
0.25150         0.50000        0.096560
0.25250         0.50000        0.096860
0.25350         0.50000        0.097159
0.25450         0.50000        0.097457
0.25550         0.50000        0.097754
0.25650         0.50000        0.098051
0.25750         0.50000        0.098346
0.25850         0.50000        0.098640
0.25950         0.50000        0.098933
0.26050         0.50000        0.099226
0.26150         0.50000        0.099517
0.26250         0.50000        0.099807
0.26350         0.50000        0.10010
0.26450         0.50000        0.10039
0.26550         0.50000        0.10067
0.26650         0.50000        0.10096
0.26750         0.50000        0.10124
0.26850         0.50000        0.10153
0.26950         0.50000        0.10181
0.27050         0.50000        0.10209
0.27150         0.50000        0.10238
0.27250         0.50000        0.10266
0.27350         0.50000        0.10294
0.27450         0.50000        0.10321
0.27550         0.50000        0.10349
0.27650         0.50000        0.10377
0.27750         0.50000        0.10404
0.27850         0.50000        0.10432
0.27950         0.50000        0.10459
0.28050         0.50000        0.10486
0.28150         0.50000        0.10513
0.28250         0.50000        0.10540
0.28350         0.50000        0.10567
0.28450         0.50000        0.10594
0.28550         0.50000        0.10621
0.28650         0.50000        0.10647
0.28750         0.50000        0.10674
0.28850         0.50000        0.10700
0.28950         0.50000        0.10726
0.29050         0.50000        0.10753
0.29150         0.50000        0.10779
0.29250         0.50000        0.10805
0.29350         0.50000        0.10831
0.29450         0.50000        0.10856
0.29550         0.50000        0.10882
0.29650         0.50000        0.10907
0.29750         0.50000        0.10933
0.29850         0.50000        0.10958
0.29950         0.50000        0.10983
0.30050         0.50000        0.11008
0.30150         0.50000        0.11033
0.30250         0.50000        0.11058
0.30350         0.50000        0.11083
0.30450         0.50000        0.11108
0.30550         0.50000        0.11132
0.30650         0.50000        0.11157
0.30750         0.50000        0.11181
0.30850         0.50000        0.11205
0.30950         0.50000        0.11229
0.31050         0.50000        0.11253
0.31150         0.50000        0.11277
0.31250         0.50000        0.11301
0.31350         0.50000        0.11325
0.31450         0.50000        0.11348
0.31550         0.50000        0.11372
0.31650         0.50000        0.11395
0.31750         0.50000        0.11418
0.31850         0.50000        0.11441
0.31950         0.50000        0.11464
0.32050         0.50000        0.11487
0.32150         0.50000        0.11510
0.32250         0.50000        0.11533
0.32350         0.50000        0.11555
0.32450         0.50000        0.11578
0.32550         0.50000        0.11600
0.32650         0.50000        0.11622
0.32750         0.50000        0.11644
0.32850         0.50000        0.11666
0.32950         0.50000        0.11688
0.33050         0.50000        0.11710
0.33150         0.50000        0.11731
0.33250         0.50000        0.11753
0.33350         0.50000        0.11774
0.33450         0.50000        0.11796
0.33550         0.50000        0.11817
0.33650         0.50000        0.11838
0.33750         0.50000        0.11859
0.33850         0.50000        0.11880
0.33950         0.50000        0.11900
0.34050         0.50000        0.11921
0.34150         0.50000        0.11941
0.34250         0.50000        0.11962
0.34350         0.50000        0.11982
0.34450         0.50000        0.12002
0.34550         0.50000        0.12022
0.34650         0.50000        0.12042
0.34750         0.50000        0.12062
0.34850         0.50000        0.12081
0.34950         0.50000        0.12101
0.35050         0.50000        0.12120
0.35150         0.50000        0.12139
0.35250         0.50000        0.12158
0.35350         0.50000        0.12177
0.35450         0.50000        0.12196
0.35550         0.50000        0.12215
0.35650         0.50000        0.12234
0.35750         0.50000        0.12252
0.35850         0.50000        0.12271
0.35950         0.50000        0.12289
0.36050         0.50000        0.12307
0.36150         0.50000        0.12325
0.36250         0.50000        0.12343
0.36350         0.50000        0.12361
0.36450         0.50000        0.12379
0.36550         0.50000        0.12396
0.36650         0.50000        0.12414
0.36750         0.50000        0.12431
0.36850         0.50000        0.12448
0.36950         0.50000        0.12465
0.37050         0.50000        0.12482
0.37150         0.50000        0.12499
0.37250         0.50000        0.12516
0.37350         0.50000        0.12532
0.37450         0.50000        0.12549
0.37550         0.50000        0.12565
0.37650         0.50000        0.12582
0.37750         0.50000        0.12598
0.37850         0.50000        0.12614
0.37950         0.50000        0.12629
0.38050         0.50000        0.12645
0.38150         0.50000        0.12661
0.38250         0.50000        0.12676
0.38350         0.50000        0.12692
0.38450         0.50000        0.12707
0.38550         0.50000        0.12722
0.38650         0.50000        0.12737
0.38750         0.50000        0.12752
0.38850         0.50000        0.12766
0.38950         0.50000        0.12781
0.39050         0.50000        0.12795
0.39150         0.50000        0.12810
0.39250         0.50000        0.12824
0.39350         0.50000        0.12838
0.39450         0.50000        0.12852
0.39550         0.50000        0.12866
0.39650         0.50000        0.12880
0.39750         0.50000        0.12893
0.39850         0.50000        0.12907
0.39950         0.50000        0.12920
0.40050         0.50000        0.12933
0.40150         0.50000        0.12946
0.40250         0.50000        0.12959
0.40350         0.50000        0.12972
0.40450         0.50000        0.12985
0.40550         0.50000        0.12997
0.40650         0.50000        0.13010
0.40750         0.50000        0.13022
0.40850         0.50000        0.13034
0.40950         0.50000        0.13046
0.41050         0.50000        0.13058
0.41150         0.50000        0.13070
0.41250         0.50000        0.13081
0.41350         0.50000        0.13093
0.41450         0.50000        0.13104
0.41550         0.50000        0.13116
0.41650         0.50000        0.13127
0.41750         0.50000        0.13138
0.41850         0.50000        0.13149
0.41950         0.50000        0.13159
0.42050         0.50000        0.13170
0.42150         0.50000        0.13181
0.42250         0.50000        0.13191
0.42350         0.50000        0.13201
0.42450         0.50000        0.13211
0.42550         0.50000        0.13221
0.42650         0.50000        0.13231
0.42750         0.50000        0.13241
0.42850         0.50000        0.13250
0.42950         0.50000        0.13260
0.43050         0.50000        0.13269
0.43150         0.50000        0.13278
0.43250         0.50000        0.13287
0.43350         0.50000        0.13296
0.43450         0.50000        0.13305
0.43550         0.50000        0.13314
0.43650         0.50000        0.13322
0.43750         0.50000        0.13331
0.43850         0.50000        0.13339
0.43950         0.50000        0.13347
0.44050         0.50000        0.13355
0.44150         0.50000        0.13363
0.44250         0.50000        0.13371
0.44350         0.50000        0.13378
0.44450         0.50000        0.13386
0.44550         0.50000        0.13393
0.44650         0.50000        0.13400
0.44750         0.50000        0.13407
0.44850         0.50000        0.13414
0.44950         0.50000        0.13421
0.45050         0.50000        0.13428
0.45150         0.50000        0.13434
0.45250         0.50000        0.13441
0.45350         0.50000        0.13447
0.45450         0.50000        0.13453
0.45550         0.50000        0.13459
0.45650         0.50000        0.13465
0.45750         0.50000        0.13471
0.45850         0.50000        0.13476
0.45950         0.50000        0.13482
0.46050         0.50000        0.13487
0.46150         0.50000        0.13492
0.46250         0.50000        0.13498
0.46350         0.50000        0.13502
0.46450         0.50000        0.13507
0.46550         0.50000        0.13512
0.46650         0.50000        0.13517
0.46750         0.50000        0.13521
0.46850         0.50000        0.13525
0.46950         0.50000        0.13529
0.47050         0.50000        0.13533
0.47150         0.50000        0.13537
0.47250         0.50000        0.13541
0.47350         0.50000        0.13545
0.47450         0.50000        0.13548
0.47550         0.50000        0.13552
0.47650         0.50000        0.13555
0.47750         0.50000        0.13558
0.47850         0.50000        0.13561
0.47950         0.50000        0.13564
0.48050         0.50000        0.13566
0.48150         0.50000        0.13569
0.48250         0.50000        0.13571
0.48350         0.50000        0.13573
0.48450         0.50000        0.13576
0.48550         0.50000        0.13578
0.48650         0.50000        0.13580
0.48750         0.50000        0.13581
0.48850         0.50000        0.13583
0.48950         0.50000        0.13584
0.49050         0.50000        0.13586
0.49150         0.50000        0.13587
0.49250         0.50000        0.13588
0.49350         0.50000        0.13589
0.49450         0.50000        0.13590
0.49550         0.50000        0.13590
0.49650         0.50000        0.13591
0.49750         0.50000        0.13591
0.49850         0.50000        0.13592
0.49950         0.50000        0.13592
0.50050         0.50000        0.13592
0.50150         0.50000        0.13592
0.50250         0.50000        0.13591
0.50350         0.50000        0.13591
0.50450         0.50000        0.13590
0.50550         0.50000        0.13590
0.50650         0.50000        0.13589
0.50750         0.50000        0.13588
0.50850         0.50000        0.13587
0.50950         0.50000        0.13586
0.51050         0.50000        0.13584
0.51150         0.50000        0.13583
0.51250         0.50000        0.13581
0.51350         0.50000        0.13580
0.51450         0.50000        0.13578
0.51550         0.50000        0.13576
0.51650         0.50000        0.13573
0.51750         0.50000        0.13571
0.51850         0.50000        0.13569
0.51950         0.50000        0.13566
0.52050         0.50000        0.13564
0.52150         0.50000        0.13561
0.52250         0.50000        0.13558
0.52350         0.50000        0.13555
0.52450         0.50000        0.13552
0.52550         0.50000        0.13548
0.52650         0.50000        0.13545
0.52750         0.50000        0.13541
0.52850         0.50000        0.13537
0.52950         0.50000        0.13533
0.53050         0.50000        0.13529
0.53150         0.50000        0.13525
0.53250         0.50000        0.13521
0.53350         0.50000        0.13517
0.53450         0.50000        0.13512
0.53550         0.50000        0.13507
0.53650         0.50000        0.13502
0.53750         0.50000        0.13498
0.53850         0.50000        0.13492
0.53950         0.50000        0.13487
0.54050         0.50000        0.13482
0.54150         0.50000        0.13476
0.54250         0.50000        0.13471
0.54350         0.50000        0.13465
0.54450         0.50000        0.13459
0.54550         0.50000        0.13453
0.54650         0.50000        0.13447
0.54750         0.50000        0.13441
0.54850         0.50000        0.13434
0.54950         0.50000        0.13428
0.55050         0.50000        0.13421
0.55150         0.50000        0.13414
0.55250         0.50000        0.13407
0.55350         0.50000        0.13400
0.55450         0.50000        0.13393
0.55550         0.50000        0.13386
0.55650         0.50000        0.13378
0.55750         0.50000        0.13371
0.55850         0.50000        0.13363
0.55950         0.50000        0.13355
0.56050         0.50000        0.13347
0.56150         0.50000        0.13339
0.56250         0.50000        0.13331
0.56350         0.50000        0.13322
0.56450         0.50000        0.13314
0.56550         0.50000        0.13305
0.56650         0.50000        0.13296
0.56750         0.50000        0.13287
0.56850         0.50000        0.13278
0.56950         0.50000        0.13269
0.57050         0.50000        0.13260
0.57150         0.50000        0.13250
0.57250         0.50000        0.13241
0.57350         0.50000        0.13231
0.57450         0.50000        0.13221
0.57550         0.50000        0.13211
0.57650         0.50000        0.13201
0.57750         0.50000        0.13191
0.57850         0.50000        0.13181
0.57950         0.50000        0.13170
0.58050         0.50000        0.13159
0.58150         0.50000        0.13149
0.58250         0.50000        0.13138
0.58350         0.50000        0.13127
0.58450         0.50000        0.13116
0.58550         0.50000        0.13104
0.58650         0.50000        0.13093
0.58750         0.50000        0.13081
0.58850         0.50000        0.13070
0.58950         0.50000        0.13058
0.59050         0.50000        0.13046
0.59150         0.50000        0.13034
0.59250         0.50000        0.13022
0.59350         0.50000        0.13010
0.59450         0.50000        0.12997
0.59550         0.50000        0.12985
0.59650         0.50000        0.12972
0.59750         0.50000        0.12959
0.59850         0.50000        0.12946
0.59950         0.50000        0.12933
0.60050         0.50000        0.12920
0.60150         0.50000        0.12907
0.60250         0.50000        0.12893
0.60350         0.50000        0.12880
0.60450         0.50000        0.12866
0.60550         0.50000        0.12852
0.60650         0.50000        0.12838
0.60750         0.50000        0.12824
0.60850         0.50000        0.12810
0.60950         0.50000        0.12795
0.61050         0.50000        0.12781
0.61150         0.50000        0.12766
0.61250         0.50000        0.12752
0.61350         0.50000        0.12737
0.61450         0.50000        0.12722
0.61550         0.50000        0.12707
0.61650         0.50000        0.12692
0.61750         0.50000        0.12676
0.61850         0.50000        0.12661
0.61950         0.50000        0.12645
0.62050         0.50000        0.12629
0.62150         0.50000        0.12614
0.62250         0.50000        0.12598
0.62350         0.50000        0.12582
0.62450         0.50000        0.12565
0.62550         0.50000        0.12549
0.62650         0.50000        0.12532
0.62750         0.50000        0.12516
0.62850         0.50000        0.12499
0.62950         0.50000        0.12482
0.63050         0.50000        0.12465
0.63150         0.50000        0.12448
0.63250         0.50000        0.12431
0.63350         0.50000        0.12414
0.63450         0.50000        0.12396
0.63550         0.50000        0.12379
0.63650         0.50000        0.12361
0.63750         0.50000        0.12343
0.63850         0.50000        0.12325
0.63950         0.50000        0.12307
0.64050         0.50000        0.12289
0.64150         0.50000        0.12271
0.64250         0.50000        0.12252
0.64350         0.50000        0.12234
0.64450         0.50000        0.12215
0.64550         0.50000        0.12196
0.64650         0.50000        0.12177
0.64750         0.50000        0.12158
0.64850         0.50000        0.12139
0.64950         0.50000        0.12120
0.65050         0.50000        0.12101
0.65150         0.50000        0.12081
0.65250         0.50000        0.12062
0.65350         0.50000        0.12042
0.65450         0.50000        0.12022
0.65550         0.50000        0.12002
0.65650         0.50000        0.11982
0.65750         0.50000        0.11962
0.65850         0.50000        0.11941
0.65950         0.50000        0.11921
0.66050         0.50000        0.11900
0.66150         0.50000        0.11880
0.66250         0.50000        0.11859
0.66350         0.50000        0.11838
0.66450         0.50000        0.11817
0.66550         0.50000        0.11796
0.66650         0.50000        0.11774
0.66750         0.50000        0.11753
0.66850         0.50000        0.11731
0.66950         0.50000        0.11710
0.67050         0.50000        0.11688
0.67150         0.50000        0.11666
0.67250         0.50000        0.11644
0.67350         0.50000        0.11622
0.67450         0.50000        0.11600
0.67550         0.50000        0.11578
0.67650         0.50000        0.11555
0.67750         0.50000        0.11533
0.67850         0.50000        0.11510
0.67950         0.50000        0.11487
0.68050         0.50000        0.11464
0.68150         0.50000        0.11441
0.68250         0.50000        0.11418
0.68350         0.50000        0.11395
0.68450         0.50000        0.11372
0.68550         0.50000        0.11348
0.68650         0.50000        0.11325
0.68750         0.50000        0.11301
0.68850         0.50000        0.11277
0.68950         0.50000        0.11253
0.69050         0.50000        0.11229
0.69150         0.50000        0.11205
0.69250         0.50000        0.11181
0.69350         0.50000        0.11157
0.69450         0.50000        0.11132
0.69550         0.50000        0.11108
0.69650         0.50000        0.11083
0.69750         0.50000        0.11058
0.69850         0.50000        0.11033
0.69950         0.50000        0.11008
0.70050         0.50000        0.10983
0.70150         0.50000        0.10958
0.70250         0.50000        0.10933
0.70350         0.50000        0.10907
0.70450         0.50000        0.10882
0.70550         0.50000        0.10856
0.70650         0.50000        0.10831
0.70750         0.50000        0.10805
0.70850         0.50000        0.10779
0.70950         0.50000        0.10753
0.71050         0.50000        0.10726
0.71150         0.50000        0.10700
0.71250         0.50000        0.10674
0.71350         0.50000        0.10647
0.71450         0.50000        0.10621
0.71550         0.50000        0.10594
0.71650         0.50000        0.10567
0.71750         0.50000        0.10540
0.71850         0.50000        0.10513
0.71950         0.50000        0.10486
0.72050         0.50000        0.10459
0.72150         0.50000        0.10432
0.72250         0.50000        0.10404
0.72350         0.50000        0.10377
0.72450         0.50000        0.10349
0.72550         0.50000        0.10321
0.72650         0.50000        0.10294
0.72750         0.50000        0.10266
0.72850         0.50000        0.10238
0.72950         0.50000        0.10209
0.73050         0.50000        0.10181
0.73150         0.50000        0.10153
0.73250         0.50000        0.10124
0.73350         0.50000        0.10096
0.73450         0.50000        0.10067
0.73550         0.50000        0.10039
0.73650         0.50000        0.10010
0.73750         0.50000        0.099807
0.73850         0.50000        0.099517
0.73950         0.50000        0.099226
0.74050         0.50000        0.098933
0.74150         0.50000        0.098640
0.74250         0.50000        0.098346
0.74350         0.50000        0.098051
0.74450         0.50000        0.097754
0.74550         0.50000        0.097457
0.74650         0.50000        0.097159
0.74750         0.50000        0.096860
0.74850         0.50000        0.096560
0.74950         0.50000        0.096259
0.75050         0.50000        0.095957
0.75150         0.50000        0.095654
0.75250         0.50000        0.095350
0.75350         0.50000        0.095046
0.75450         0.50000        0.094740
0.75550         0.50000        0.094433
0.75650         0.50000        0.094126
0.75750         0.50000        0.093817
0.75850         0.50000        0.093508
0.75950         0.50000        0.093197
0.76050         0.50000        0.092886
0.76150         0.50000        0.092574
0.76250         0.50000        0.092261
0.76350         0.50000        0.091947
0.76450         0.50000        0.091632
0.76550         0.50000        0.091316
0.76650         0.50000        0.090999
0.76750         0.50000        0.090682
0.76850         0.50000        0.090363
0.76950         0.50000        0.090044
0.77050         0.50000        0.089724
0.77150         0.50000        0.089402
0.77250         0.50000        0.089080
0.77350         0.50000        0.088757
0.77450         0.50000        0.088434
0.77550         0.50000        0.088109
0.77650         0.50000        0.087783
0.77750         0.50000        0.087457
0.77850         0.50000        0.087130
0.77950         0.50000        0.086802
0.78050         0.50000        0.086472
0.78150         0.50000        0.086143
0.78250         0.50000        0.085812
0.78350         0.50000        0.085480
0.78450         0.50000        0.085148
0.78550         0.50000        0.084815
0.78650         0.50000        0.084481
0.78750         0.50000        0.084146
0.78850         0.50000        0.083810
0.78950         0.50000        0.083473
0.79050         0.50000        0.083136
0.79150         0.50000        0.082798
0.79250         0.50000        0.082459
0.79350         0.50000        0.082119
0.79450         0.50000        0.081778
0.79550         0.50000        0.081437
0.79650         0.50000        0.081095
0.79750         0.50000        0.080751
0.79850         0.50000        0.080408
0.79950         0.50000        0.080063
0.80050         0.50000        0.079717
0.80150         0.50000        0.079371
0.80250         0.50000        0.079024
0.80350         0.50000        0.078676
0.80450         0.50000        0.078328
0.80550         0.50000        0.077979
0.80650         0.50000        0.077628
0.80750         0.50000        0.077278
0.80850         0.50000        0.076926
0.80950         0.50000        0.076573
0.81050         0.50000        0.076220
0.81150         0.50000        0.075866
0.81250         0.50000        0.075512
0.81350         0.50000        0.075156
0.81450         0.50000        0.074800
0.81550         0.50000        0.074443
0.81650         0.50000        0.074086
0.81750         0.50000        0.073727
0.81850         0.50000        0.073368
0.81950         0.50000        0.073008
0.82050         0.50000        0.072648
0.82150         0.50000        0.072287
0.82250         0.50000        0.071925
0.82350         0.50000        0.071562
0.82450         0.50000        0.071199
0.82550         0.50000        0.070835
0.82650         0.50000        0.070470
0.82750         0.50000        0.070104
0.82850         0.50000        0.069738
0.82950         0.50000        0.069371
0.83050         0.50000        0.069004
0.83150         0.50000        0.068636
0.83250         0.50000        0.068267
0.83350         0.50000        0.067897
0.83450         0.50000        0.067527
0.83550         0.50000        0.067156
0.83650         0.50000        0.066784
0.83750         0.50000        0.066412
0.83850         0.50000        0.066039
0.83950         0.50000        0.065666
0.84050         0.50000        0.065292
0.84150         0.50000        0.064917
0.84250         0.50000        0.064541
0.84350         0.50000        0.064165
0.84450         0.50000        0.063788
0.84550         0.50000        0.063411
0.84650         0.50000        0.063033
0.84750         0.50000        0.062655
0.84850         0.50000        0.062275
0.84950         0.50000        0.061895
0.85050         0.50000        0.061515
0.85150         0.50000        0.061134
0.85250         0.50000        0.060752
0.85350         0.50000        0.060370
0.85450         0.50000        0.059987
0.85550         0.50000        0.059604
0.85650         0.50000        0.059220
0.85750         0.50000        0.058835
0.85850         0.50000        0.058450
0.85950         0.50000        0.058064
0.86050         0.50000        0.057678
0.86150         0.50000        0.057291
0.86250         0.50000        0.056903
0.86350         0.50000        0.056515
0.86450         0.50000        0.056127
0.86550         0.50000        0.055737
0.86650         0.50000        0.055348
0.86750         0.50000        0.054957
0.86850         0.50000        0.054567
0.86950         0.50000        0.054175
0.87050         0.50000        0.053783
0.87150         0.50000        0.053391
0.87250         0.50000        0.052998
0.87350         0.50000        0.052605
0.87450         0.50000        0.052211
0.87550         0.50000        0.051816
0.87650         0.50000        0.051421
0.87750         0.50000        0.051026
0.87850         0.50000        0.050630
0.87950         0.50000        0.050233
0.88050         0.50000        0.049836
0.88150         0.50000        0.049438
0.88250         0.50000        0.049040
0.88350         0.50000        0.048642
0.88450         0.50000        0.048243
0.88550         0.50000        0.047844
0.88650         0.50000        0.047444
0.88750         0.50000        0.047043
0.88850         0.50000        0.046643
0.88950         0.50000        0.046241
0.89050         0.50000        0.045839
0.89150         0.50000        0.045437
0.89250         0.50000        0.045035
0.89350         0.50000        0.044632
0.89450         0.50000        0.044228
0.89550         0.50000        0.043824
0.89650         0.50000        0.043420
0.89750         0.50000        0.043015
0.89850         0.50000        0.042610
0.89950         0.50000        0.042204
0.90050         0.50000        0.041798
0.90150         0.50000        0.041391
0.90250         0.50000        0.040984
0.90350         0.50000        0.040577
0.90450         0.50000        0.040169
0.90550         0.50000        0.039761
0.90650         0.50000        0.039353
0.90750         0.50000        0.038944
0.90850         0.50000        0.038534
0.90950         0.50000        0.038125
0.91050         0.50000        0.037715
0.91150         0.50000        0.037304
0.91250         0.50000        0.036893
0.91350         0.50000        0.036482
0.91450         0.50000        0.036071
0.91550         0.50000        0.035659
0.91650         0.50000        0.035247
0.91750         0.50000        0.034834
0.91850         0.50000        0.034421
0.91950         0.50000        0.034008
0.92050         0.50000        0.033594
0.92150         0.50000        0.033181
0.92250         0.50000        0.032766
0.92350         0.50000        0.032352
0.92450         0.50000        0.031937
0.92550         0.50000        0.031522
0.92650         0.50000        0.031106
0.92750         0.50000        0.030690
0.92850         0.50000        0.030274
0.92950         0.50000        0.029858
0.93050         0.50000        0.029441
0.93150         0.50000        0.029024
0.93250         0.50000        0.028607
0.93350         0.50000        0.028189
0.93450         0.50000        0.027771
0.93550         0.50000        0.027353
0.93650         0.50000        0.026935
0.93750         0.50000        0.026516
0.93850         0.50000        0.026097
0.93950         0.50000        0.025678
0.94050         0.50000        0.025259
0.94150         0.50000        0.024839
0.94250         0.50000        0.024419
0.94350         0.50000        0.023999
0.94450         0.50000        0.023578
0.94550         0.50000        0.023158
0.94650         0.50000        0.022737
0.94750         0.50000        0.022316
0.94850         0.50000        0.021895
0.94950         0.50000        0.021473
0.95050         0.50000        0.021051
0.95150         0.50000        0.020629
0.95250         0.50000        0.020207
0.95350         0.50000        0.019785
0.95450         0.50000        0.019362
0.95550         0.50000        0.018940
0.95650         0.50000        0.018517
0.95750         0.50000        0.018094
0.95850         0.50000        0.017670
0.95950         0.50000        0.017247
0.96050         0.50000        0.016823
0.96150         0.50000        0.016399
0.96250         0.50000        0.015975
0.96350         0.50000        0.015551
0.96450         0.50000        0.015127
0.96550         0.50000        0.014703
0.96650         0.50000        0.014278
0.96750         0.50000        0.013853
0.96850         0.50000        0.013429
0.96950         0.50000        0.013004
0.97050         0.50000        0.012578
0.97150         0.50000        0.012153
0.97250         0.50000        0.011728
0.97350         0.50000        0.011302
0.97450         0.50000        0.010877
0.97550         0.50000        0.010451
0.97650         0.50000        0.010025
0.97750         0.50000        0.0095995
0.97850         0.50000        0.0091735
0.97950         0.50000        0.0087474
0.98050         0.50000        0.0083212
0.98150         0.50000        0.0078950
0.98250         0.50000        0.0074687
0.98350         0.50000        0.0070423
0.98450         0.50000        0.0066158
0.98550         0.50000        0.0061893
0.98650         0.50000        0.0057628
0.98750         0.50000        0.0053361
0.98850         0.50000        0.0049094
0.98950         0.50000        0.0044827
0.99050         0.50000        0.0040559
0.99150         0.50000        0.0036290
0.99250         0.50000        0.0032022
0.99350         0.50000        0.0027753
0.99450         0.50000        0.0023484
0.99550         0.50000        0.0019214
0.99650         0.50000        0.0014945
0.99750         0.50000        0.0010675
0.99850         0.50000        6.4053E-4
0.99950         0.50000        2.1351E-4
