5.0000E-4       1.0000         3.0502E-5
0.0015000       1.0000         9.1503E-5
0.0025000       1.0000         1.5250E-4
0.0035000       1.0000         2.1350E-4
0.0045000       1.0000         2.7449E-4
0.0055000       1.0000         3.3548E-4
0.0065000       1.0000         3.9646E-4
0.0075000       1.0000         4.5745E-4
0.0085000       1.0000         5.1843E-4
0.0095000       1.0000         5.7940E-4
0.010500        1.0000         6.4038E-4
0.011500        1.0000         7.0134E-4
0.012500        1.0000         7.6230E-4
0.013500        1.0000         8.2324E-4
0.014500        1.0000         8.8418E-4
0.015500        1.0000         9.4511E-4
0.016500        1.0000         0.0010060
0.017500        1.0000         0.0010669
0.018500        1.0000         0.0011278
0.019500        1.0000         0.0011887
0.020500        1.0000         0.0012496
0.021500        1.0000         0.0013105
0.022500        1.0000         0.0013713
0.023500        1.0000         0.0014322
0.024500        1.0000         0.0014930
0.025500        1.0000         0.0015538
0.026500        1.0000         0.0016146
0.027500        1.0000         0.0016754
0.028500        1.0000         0.0017361
0.029500        1.0000         0.0017969
0.030500        1.0000         0.0018576
0.031500        1.0000         0.0019183
0.032500        1.0000         0.0019790
0.033500        1.0000         0.0020397
0.034500        1.0000         0.0021003
0.035500        1.0000         0.0021610
0.036500        1.0000         0.0022216
0.037500        1.0000         0.0022822
0.038500        1.0000         0.0023427
0.039500        1.0000         0.0024033
0.040500        1.0000         0.0024638
0.041500        1.0000         0.0025243
0.042500        1.0000         0.0025848
0.043500        1.0000         0.0026452
0.044500        1.0000         0.0027056
0.045500        1.0000         0.0027660
0.046500        1.0000         0.0028264
0.047500        1.0000         0.0028867
0.048500        1.0000         0.0029470
0.049500        1.0000         0.0030073
0.050500        1.0000         0.0030675
0.051500        1.0000         0.0031278
0.052500        1.0000         0.0031880
0.053500        1.0000         0.0032481
0.054500        1.0000         0.0033082
0.055500        1.0000         0.0033683
0.056500        1.0000         0.0034284
0.057500        1.0000         0.0034884
0.058500        1.0000         0.0035484
0.059500        1.0000         0.0036083
0.060500        1.0000         0.0036683
0.061500        1.0000         0.0037281
0.062500        1.0000         0.0037880
0.063500        1.0000         0.0038478
0.064500        1.0000         0.0039076
0.065500        1.0000         0.0039673
0.066500        1.0000         0.0040270
0.067500        1.0000         0.0040866
0.068500        1.0000         0.0041462
0.069500        1.0000         0.0042058
0.070500        1.0000         0.0042654
0.071500        1.0000         0.0043248
0.072500        1.0000         0.0043843
0.073500        1.0000         0.0044437
0.074500        1.0000         0.0045030
0.075500        1.0000         0.0045624
0.076500        1.0000         0.0046216
0.077500        1.0000         0.0046808
0.078500        1.0000         0.0047400
0.079500        1.0000         0.0047992
0.080500        1.0000         0.0048582
0.081500        1.0000         0.0049173
0.082500        1.0000         0.0049763
0.083500        1.0000         0.0050352
0.084500        1.0000         0.0050941
0.085500        1.0000         0.0051529
0.086500        1.0000         0.0052117
0.087500        1.0000         0.0052704
0.088500        1.0000         0.0053291
0.089500        1.0000         0.0053878
0.090500        1.0000         0.0054463
0.091500        1.0000         0.0055049
0.092500        1.0000         0.0055633
0.093500        1.0000         0.0056217
0.094500        1.0000         0.0056801
0.095500        1.0000         0.0057384
0.096500        1.0000         0.0057966
0.097500        1.0000         0.0058548
0.098500        1.0000         0.0059130
0.099500        1.0000         0.0059710
0.10050         1.0000         0.0060291
0.10150         1.0000         0.0060870
0.10250         1.0000         0.0061449
0.10350         1.0000         0.0062027
0.10450         1.0000         0.0062605
0.10550         1.0000         0.0063182
0.10650         1.0000         0.0063759
0.10750         1.0000         0.0064334
0.10850         1.0000         0.0064910
0.10950         1.0000         0.0065484
0.11050         1.0000         0.0066058
0.11150         1.0000         0.0066632
0.11250         1.0000         0.0067204
0.11350         1.0000         0.0067776
0.11450         1.0000         0.0068347
0.11550         1.0000         0.0068918
0.11650         1.0000         0.0069488
0.11750         1.0000         0.0070057
0.11850         1.0000         0.0070626
0.11950         1.0000         0.0071193
0.12050         1.0000         0.0071761
0.12150         1.0000         0.0072327
0.12250         1.0000         0.0072893
0.12350         1.0000         0.0073458
0.12450         1.0000         0.0074022
0.12550         1.0000         0.0074586
0.12650         1.0000         0.0075148
0.12750         1.0000         0.0075711
0.12850         1.0000         0.0076272
0.12950         1.0000         0.0076832
0.13050         1.0000         0.0077392
0.13150         1.0000         0.0077951
0.13250         1.0000         0.0078510
0.13350         1.0000         0.0079067
0.13450         1.0000         0.0079624
0.13550         1.0000         0.0080180
0.13650         1.0000         0.0080735
0.13750         1.0000         0.0081289
0.13850         1.0000         0.0081843
0.13950         1.0000         0.0082396
0.14050         1.0000         0.0082948
0.14150         1.0000         0.0083499
0.14250         1.0000         0.0084049
0.14350         1.0000         0.0084599
0.14450         1.0000         0.0085147
0.14550         1.0000         0.0085695
0.14650         1.0000         0.0086242
0.14750         1.0000         0.0086788
0.14850         1.0000         0.0087333
0.14950         1.0000         0.0087878
0.15050         1.0000         0.0088421
0.15150         1.0000         0.0088964
0.15250         1.0000         0.0089505
0.15350         1.0000         0.0090046
0.15450         1.0000         0.0090586
0.15550         1.0000         0.0091125
0.15650         1.0000         0.0091664
0.15750         1.0000         0.0092201
0.15850         1.0000         0.0092737
0.15950         1.0000         0.0093273
0.16050         1.0000         0.0093807
0.16150         1.0000         0.0094341
0.16250         1.0000         0.0094874
0.16350         1.0000         0.0095405
0.16450         1.0000         0.0095936
0.16550         1.0000         0.0096466
0.16650         1.0000         0.0096995
0.16750         1.0000         0.0097523
0.16850         1.0000         0.0098050
0.16950         1.0000         0.0098576
0.17050         1.0000         0.0099101
0.17150         1.0000         0.0099625
0.17250         1.0000         0.010015
0.17350         1.0000         0.010067
0.17450         1.0000         0.010119
0.17550         1.0000         0.010171
0.17650         1.0000         0.010223
0.17750         1.0000         0.010275
0.17850         1.0000         0.010327
0.17950         1.0000         0.010378
0.18050         1.0000         0.010430
0.18150         1.0000         0.010481
0.18250         1.0000         0.010532
0.18350         1.0000         0.010584
0.18450         1.0000         0.010635
0.18550         1.0000         0.010686
0.18650         1.0000         0.010736
0.18750         1.0000         0.010787
0.18850         1.0000         0.010838
0.18950         1.0000         0.010888
0.19050         1.0000         0.010939
0.19150         1.0000         0.010989
0.19250         1.0000         0.011040
0.19350         1.0000         0.011090
0.19450         1.0000         0.011140
0.19550         1.0000         0.011190
0.19650         1.0000         0.011239
0.19750         1.0000         0.011289
0.19850         1.0000         0.011339
0.19950         1.0000         0.011388
0.20050         1.0000         0.011437
0.20150         1.0000         0.011487
0.20250         1.0000         0.011536
0.20350         1.0000         0.011585
0.20450         1.0000         0.011634
0.20550         1.0000         0.011682
0.20650         1.0000         0.011731
0.20750         1.0000         0.011780
0.20850         1.0000         0.011828
0.20950         1.0000         0.011876
0.21050         1.0000         0.011925
0.21150         1.0000         0.011973
0.21250         1.0000         0.012021
0.21350         1.0000         0.012069
0.21450         1.0000         0.012116
0.21550         1.0000         0.012164
0.21650         1.0000         0.012211
0.21750         1.0000         0.012259
0.21850         1.0000         0.012306
0.21950         1.0000         0.012353
0.22050         1.0000         0.012400
0.22150         1.0000         0.012447
0.22250         1.0000         0.012494
0.22350         1.0000         0.012540
0.22450         1.0000         0.012587
0.22550         1.0000         0.012633
0.22650         1.0000         0.012679
0.22750         1.0000         0.012726
0.22850         1.0000         0.012772
0.22950         1.0000         0.012818
0.23050         1.0000         0.012863
0.23150         1.0000         0.012909
0.23250         1.0000         0.012954
0.23350         1.0000         0.013000
0.23450         1.0000         0.013045
0.23550         1.0000         0.013090
0.23650         1.0000         0.013135
0.23750         1.0000         0.013180
0.23850         1.0000         0.013225
0.23950         1.0000         0.013269
0.24050         1.0000         0.013314
0.24150         1.0000         0.013358
0.24250         1.0000         0.013402
0.24350         1.0000         0.013446
0.24450         1.0000         0.013490
0.24550         1.0000         0.013534
0.24650         1.0000         0.013578
0.24750         1.0000         0.013621
0.24850         1.0000         0.013665
0.24950         1.0000         0.013708
0.25050         1.0000         0.013751
0.25150         1.0000         0.013794
0.25250         1.0000         0.013837
0.25350         1.0000         0.013880
0.25450         1.0000         0.013922
0.25550         1.0000         0.013965
0.25650         1.0000         0.014007
0.25750         1.0000         0.014049
0.25850         1.0000         0.014091
0.25950         1.0000         0.014133
0.26050         1.0000         0.014175
0.26150         1.0000         0.014217
0.26250         1.0000         0.014258
0.26350         1.0000         0.014299
0.26450         1.0000         0.014341
0.26550         1.0000         0.014382
0.26650         1.0000         0.014423
0.26750         1.0000         0.014463
0.26850         1.0000         0.014504
0.26950         1.0000         0.014544
0.27050         1.0000         0.014585
0.27150         1.0000         0.014625
0.27250         1.0000         0.014665
0.27350         1.0000         0.014705
0.27450         1.0000         0.014745
0.27550         1.0000         0.014784
0.27650         1.0000         0.014824
0.27750         1.0000         0.014863
0.27850         1.0000         0.014902
0.27950         1.0000         0.014941
0.28050         1.0000         0.014980
0.28150         1.0000         0.015019
0.28250         1.0000         0.015057
0.28350         1.0000         0.015096
0.28450         1.0000         0.015134
0.28550         1.0000         0.015172
0.28650         1.0000         0.015210
0.28750         1.0000         0.015248
0.28850         1.0000         0.015286
0.28950         1.0000         0.015323
0.29050         1.0000         0.015361
0.29150         1.0000         0.015398
0.29250         1.0000         0.015435
0.29350         1.0000         0.015472
0.29450         1.0000         0.015509
0.29550         1.0000         0.015545
0.29650         1.0000         0.015582
0.29750         1.0000         0.015618
0.29850         1.0000         0.015654
0.29950         1.0000         0.015690
0.30050         1.0000         0.015726
0.30150         1.0000         0.015762
0.30250         1.0000         0.015797
0.30350         1.0000         0.015833
0.30450         1.0000         0.015868
0.30550         1.0000         0.015903
0.30650         1.0000         0.015938
0.30750         1.0000         0.015973
0.30850         1.0000         0.016007
0.30950         1.0000         0.016042
0.31050         1.0000         0.016076
0.31150         1.0000         0.016110
0.31250         1.0000         0.016144
0.31350         1.0000         0.016178
0.31450         1.0000         0.016212
0.31550         1.0000         0.016245
0.31650         1.0000         0.016279
0.31750         1.0000         0.016312
0.31850         1.0000         0.016345
0.31950         1.0000         0.016378
0.32050         1.0000         0.016410
0.32150         1.0000         0.016443
0.32250         1.0000         0.016475
0.32350         1.0000         0.016507
0.32450         1.0000         0.016539
0.32550         1.0000         0.016571
0.32650         1.0000         0.016603
0.32750         1.0000         0.016635
0.32850         1.0000         0.016666
0.32950         1.0000         0.016697
0.33050         1.0000         0.016728
0.33150         1.0000         0.016759
0.33250         1.0000         0.016790
0.33350         1.0000         0.016820
0.33450         1.0000         0.016851
0.33550         1.0000         0.016881
0.33650         1.0000         0.016911
0.33750         1.0000         0.016941
0.33850         1.0000         0.016971
0.33950         1.0000         0.017000
0.34050         1.0000         0.017030
0.34150         1.0000         0.017059
0.34250         1.0000         0.017088
0.34350         1.0000         0.017117
0.34450         1.0000         0.017145
0.34550         1.0000         0.017174
0.34650         1.0000         0.017202
0.34750         1.0000         0.017231
0.34850         1.0000         0.017259
0.34950         1.0000         0.017286
0.35050         1.0000         0.017314
0.35150         1.0000         0.017342
0.35250         1.0000         0.017369
0.35350         1.0000         0.017396
0.35450         1.0000         0.017423
0.35550         1.0000         0.017450
0.35650         1.0000         0.017477
0.35750         1.0000         0.017503
0.35850         1.0000         0.017529
0.35950         1.0000         0.017556
0.36050         1.0000         0.017582
0.36150         1.0000         0.017607
0.36250         1.0000         0.017633
0.36350         1.0000         0.017658
0.36450         1.0000         0.017684
0.36550         1.0000         0.017709
0.36650         1.0000         0.017734
0.36750         1.0000         0.017759
0.36850         1.0000         0.017783
0.36950         1.0000         0.017808
0.37050         1.0000         0.017832
0.37150         1.0000         0.017856
0.37250         1.0000         0.017880
0.37350         1.0000         0.017903
0.37450         1.0000         0.017927
0.37550         1.0000         0.017950
0.37650         1.0000         0.017973
0.37750         1.0000         0.017996
0.37850         1.0000         0.018019
0.37950         1.0000         0.018042
0.38050         1.0000         0.018064
0.38150         1.0000         0.018087
0.38250         1.0000         0.018109
0.38350         1.0000         0.018131
0.38450         1.0000         0.018152
0.38550         1.0000         0.018174
0.38650         1.0000         0.018195
0.38750         1.0000         0.018216
0.38850         1.0000         0.018237
0.38950         1.0000         0.018258
0.39050         1.0000         0.018279
0.39150         1.0000         0.018299
0.39250         1.0000         0.018320
0.39350         1.0000         0.018340
0.39450         1.0000         0.018360
0.39550         1.0000         0.018380
0.39650         1.0000         0.018399
0.39750         1.0000         0.018419
0.39850         1.0000         0.018438
0.39950         1.0000         0.018457
0.40050         1.0000         0.018476
0.40150         1.0000         0.018494
0.40250         1.0000         0.018513
0.40350         1.0000         0.018531
0.40450         1.0000         0.018549
0.40550         1.0000         0.018567
0.40650         1.0000         0.018585
0.40750         1.0000         0.018602
0.40850         1.0000         0.018620
0.40950         1.0000         0.018637
0.41050         1.0000         0.018654
0.41150         1.0000         0.018671
0.41250         1.0000         0.018688
0.41350         1.0000         0.018704
0.41450         1.0000         0.018720
0.41550         1.0000         0.018736
0.41650         1.0000         0.018752
0.41750         1.0000         0.018768
0.41850         1.0000         0.018784
0.41950         1.0000         0.018799
0.42050         1.0000         0.018814
0.42150         1.0000         0.018829
0.42250         1.0000         0.018844
0.42350         1.0000         0.018859
0.42450         1.0000         0.018873
0.42550         1.0000         0.018887
0.42650         1.0000         0.018901
0.42750         1.0000         0.018915
0.42850         1.0000         0.018929
0.42950         1.0000         0.018942
0.43050         1.0000         0.018956
0.43150         1.0000         0.018969
0.43250         1.0000         0.018982
0.43350         1.0000         0.018994
0.43450         1.0000         0.019007
0.43550         1.0000         0.019019
0.43650         1.0000         0.019031
0.43750         1.0000         0.019043
0.43850         1.0000         0.019055
0.43950         1.0000         0.019067
0.44050         1.0000         0.019078
0.44150         1.0000         0.019090
0.44250         1.0000         0.019101
0.44350         1.0000         0.019112
0.44450         1.0000         0.019122
0.44550         1.0000         0.019133
0.44650         1.0000         0.019143
0.44750         1.0000         0.019153
0.44850         1.0000         0.019163
0.44950         1.0000         0.019173
0.45050         1.0000         0.019182
0.45150         1.0000         0.019192
0.45250         1.0000         0.019201
0.45350         1.0000         0.019210
0.45450         1.0000         0.019219
0.45550         1.0000         0.019227
0.45650         1.0000         0.019236
0.45750         1.0000         0.019244
0.45850         1.0000         0.019252
0.45950         1.0000         0.019260
0.46050         1.0000         0.019267
0.46150         1.0000         0.019275
0.46250         1.0000         0.019282
0.46350         1.0000         0.019289
0.46450         1.0000         0.019296
0.46550         1.0000         0.019303
0.46650         1.0000         0.019309
0.46750         1.0000         0.019315
0.46850         1.0000         0.019322
0.46950         1.0000         0.019328
0.47050         1.0000         0.019333
0.47150         1.0000         0.019339
0.47250         1.0000         0.019344
0.47350         1.0000         0.019349
0.47450         1.0000         0.019354
0.47550         1.0000         0.019359
0.47650         1.0000         0.019364
0.47750         1.0000         0.019368
0.47850         1.0000         0.019372
0.47950         1.0000         0.019376
0.48050         1.0000         0.019380
0.48150         1.0000         0.019384
0.48250         1.0000         0.019387
0.48350         1.0000         0.019390
0.48450         1.0000         0.019394
0.48550         1.0000         0.019396
0.48650         1.0000         0.019399
0.48750         1.0000         0.019402
0.48850         1.0000         0.019404
0.48950         1.0000         0.019406
0.49050         1.0000         0.019408
0.49150         1.0000         0.019410
0.49250         1.0000         0.019411
0.49350         1.0000         0.019413
0.49450         1.0000         0.019414
0.49550         1.0000         0.019415
0.49650         1.0000         0.019415
0.49750         1.0000         0.019416
0.49850         1.0000         0.019416
0.49950         1.0000         0.019417
0.50050         1.0000         0.019417
0.50150         1.0000         0.019416
0.50250         1.0000         0.019416
0.50350         1.0000         0.019415
0.50450         1.0000         0.019415
0.50550         1.0000         0.019414
0.50650         1.0000         0.019413
0.50750         1.0000         0.019411
0.50850         1.0000         0.019410
0.50950         1.0000         0.019408
0.51050         1.0000         0.019406
0.51150         1.0000         0.019404
0.51250         1.0000         0.019402
0.51350         1.0000         0.019399
0.51450         1.0000         0.019396
0.51550         1.0000         0.019394
0.51650         1.0000         0.019390
0.51750         1.0000         0.019387
0.51850         1.0000         0.019384
0.51950         1.0000         0.019380
0.52050         1.0000         0.019376
0.52150         1.0000         0.019372
0.52250         1.0000         0.019368
0.52350         1.0000         0.019364
0.52450         1.0000         0.019359
0.52550         1.0000         0.019354
0.52650         1.0000         0.019349
0.52750         1.0000         0.019344
0.52850         1.0000         0.019339
0.52950         1.0000         0.019333
0.53050         1.0000         0.019328
0.53150         1.0000         0.019322
0.53250         1.0000         0.019315
0.53350         1.0000         0.019309
0.53450         1.0000         0.019303
0.53550         1.0000         0.019296
0.53650         1.0000         0.019289
0.53750         1.0000         0.019282
0.53850         1.0000         0.019275
0.53950         1.0000         0.019267
0.54050         1.0000         0.019260
0.54150         1.0000         0.019252
0.54250         1.0000         0.019244
0.54350         1.0000         0.019236
0.54450         1.0000         0.019227
0.54550         1.0000         0.019219
0.54650         1.0000         0.019210
0.54750         1.0000         0.019201
0.54850         1.0000         0.019192
0.54950         1.0000         0.019182
0.55050         1.0000         0.019173
0.55150         1.0000         0.019163
0.55250         1.0000         0.019153
0.55350         1.0000         0.019143
0.55450         1.0000         0.019133
0.55550         1.0000         0.019122
0.55650         1.0000         0.019112
0.55750         1.0000         0.019101
0.55850         1.0000         0.019090
0.55950         1.0000         0.019078
0.56050         1.0000         0.019067
0.56150         1.0000         0.019055
0.56250         1.0000         0.019043
0.56350         1.0000         0.019031
0.56450         1.0000         0.019019
0.56550         1.0000         0.019007
0.56650         1.0000         0.018994
0.56750         1.0000         0.018982
0.56850         1.0000         0.018969
0.56950         1.0000         0.018956
0.57050         1.0000         0.018942
0.57150         1.0000         0.018929
0.57250         1.0000         0.018915
0.57350         1.0000         0.018901
0.57450         1.0000         0.018887
0.57550         1.0000         0.018873
0.57650         1.0000         0.018859
0.57750         1.0000         0.018844
0.57850         1.0000         0.018829
0.57950         1.0000         0.018814
0.58050         1.0000         0.018799
0.58150         1.0000         0.018784
0.58250         1.0000         0.018768
0.58350         1.0000         0.018752
0.58450         1.0000         0.018736
0.58550         1.0000         0.018720
0.58650         1.0000         0.018704
0.58750         1.0000         0.018688
0.58850         1.0000         0.018671
0.58950         1.0000         0.018654
0.59050         1.0000         0.018637
0.59150         1.0000         0.018620
0.59250         1.0000         0.018602
0.59350         1.0000         0.018585
0.59450         1.0000         0.018567
0.59550         1.0000         0.018549
0.59650         1.0000         0.018531
0.59750         1.0000         0.018513
0.59850         1.0000         0.018494
0.59950         1.0000         0.018476
0.60050         1.0000         0.018457
0.60150         1.0000         0.018438
0.60250         1.0000         0.018419
0.60350         1.0000         0.018399
0.60450         1.0000         0.018380
0.60550         1.0000         0.018360
0.60650         1.0000         0.018340
0.60750         1.0000         0.018320
0.60850         1.0000         0.018299
0.60950         1.0000         0.018279
0.61050         1.0000         0.018258
0.61150         1.0000         0.018237
0.61250         1.0000         0.018216
0.61350         1.0000         0.018195
0.61450         1.0000         0.018174
0.61550         1.0000         0.018152
0.61650         1.0000         0.018131
0.61750         1.0000         0.018109
0.61850         1.0000         0.018087
0.61950         1.0000         0.018064
0.62050         1.0000         0.018042
0.62150         1.0000         0.018019
0.62250         1.0000         0.017996
0.62350         1.0000         0.017973
0.62450         1.0000         0.017950
0.62550         1.0000         0.017927
0.62650         1.0000         0.017903
0.62750         1.0000         0.017880
0.62850         1.0000         0.017856
0.62950         1.0000         0.017832
0.63050         1.0000         0.017808
0.63150         1.0000         0.017783
0.63250         1.0000         0.017759
0.63350         1.0000         0.017734
0.63450         1.0000         0.017709
0.63550         1.0000         0.017684
0.63650         1.0000         0.017658
0.63750         1.0000         0.017633
0.63850         1.0000         0.017607
0.63950         1.0000         0.017582
0.64050         1.0000         0.017556
0.64150         1.0000         0.017529
0.64250         1.0000         0.017503
0.64350         1.0000         0.017477
0.64450         1.0000         0.017450
0.64550         1.0000         0.017423
0.64650         1.0000         0.017396
0.64750         1.0000         0.017369
0.64850         1.0000         0.017342
0.64950         1.0000         0.017314
0.65050         1.0000         0.017286
0.65150         1.0000         0.017259
0.65250         1.0000         0.017231
0.65350         1.0000         0.017202
0.65450         1.0000         0.017174
0.65550         1.0000         0.017145
0.65650         1.0000         0.017117
0.65750         1.0000         0.017088
0.65850         1.0000         0.017059
0.65950         1.0000         0.017030
0.66050         1.0000         0.017000
0.66150         1.0000         0.016971
0.66250         1.0000         0.016941
0.66350         1.0000         0.016911
0.66450         1.0000         0.016881
0.66550         1.0000         0.016851
0.66650         1.0000         0.016820
0.66750         1.0000         0.016790
0.66850         1.0000         0.016759
0.66950         1.0000         0.016728
0.67050         1.0000         0.016697
0.67150         1.0000         0.016666
0.67250         1.0000         0.016635
0.67350         1.0000         0.016603
0.67450         1.0000         0.016571
0.67550         1.0000         0.016539
0.67650         1.0000         0.016507
0.67750         1.0000         0.016475
0.67850         1.0000         0.016443
0.67950         1.0000         0.016410
0.68050         1.0000         0.016378
0.68150         1.0000         0.016345
0.68250         1.0000         0.016312
0.68350         1.0000         0.016279
0.68450         1.0000         0.016245
0.68550         1.0000         0.016212
0.68650         1.0000         0.016178
0.68750         1.0000         0.016144
0.68850         1.0000         0.016110
0.68950         1.0000         0.016076
0.69050         1.0000         0.016042
0.69150         1.0000         0.016007
0.69250         1.0000         0.015973
0.69350         1.0000         0.015938
0.69450         1.0000         0.015903
0.69550         1.0000         0.015868
0.69650         1.0000         0.015833
0.69750         1.0000         0.015797
0.69850         1.0000         0.015762
0.69950         1.0000         0.015726
0.70050         1.0000         0.015690
0.70150         1.0000         0.015654
0.70250         1.0000         0.015618
0.70350         1.0000         0.015582
0.70450         1.0000         0.015545
0.70550         1.0000         0.015509
0.70650         1.0000         0.015472
0.70750         1.0000         0.015435
0.70850         1.0000         0.015398
0.70950         1.0000         0.015361
0.71050         1.0000         0.015323
0.71150         1.0000         0.015286
0.71250         1.0000         0.015248
0.71350         1.0000         0.015210
0.71450         1.0000         0.015172
0.71550         1.0000         0.015134
0.71650         1.0000         0.015096
0.71750         1.0000         0.015057
0.71850         1.0000         0.015019
0.71950         1.0000         0.014980
0.72050         1.0000         0.014941
0.72150         1.0000         0.014902
0.72250         1.0000         0.014863
0.72350         1.0000         0.014824
0.72450         1.0000         0.014784
0.72550         1.0000         0.014745
0.72650         1.0000         0.014705
0.72750         1.0000         0.014665
0.72850         1.0000         0.014625
0.72950         1.0000         0.014585
0.73050         1.0000         0.014544
0.73150         1.0000         0.014504
0.73250         1.0000         0.014463
0.73350         1.0000         0.014423
0.73450         1.0000         0.014382
0.73550         1.0000         0.014341
0.73650         1.0000         0.014299
0.73750         1.0000         0.014258
0.73850         1.0000         0.014217
0.73950         1.0000         0.014175
0.74050         1.0000         0.014133
0.74150         1.0000         0.014091
0.74250         1.0000         0.014049
0.74350         1.0000         0.014007
0.74450         1.0000         0.013965
0.74550         1.0000         0.013922
0.74650         1.0000         0.013880
0.74750         1.0000         0.013837
0.74850         1.0000         0.013794
0.74950         1.0000         0.013751
0.75050         1.0000         0.013708
0.75150         1.0000         0.013665
0.75250         1.0000         0.013621
0.75350         1.0000         0.013578
0.75450         1.0000         0.013534
0.75550         1.0000         0.013490
0.75650         1.0000         0.013446
0.75750         1.0000         0.013402
0.75850         1.0000         0.013358
0.75950         1.0000         0.013314
0.76050         1.0000         0.013269
0.76150         1.0000         0.013225
0.76250         1.0000         0.013180
0.76350         1.0000         0.013135
0.76450         1.0000         0.013090
0.76550         1.0000         0.013045
0.76650         1.0000         0.013000
0.76750         1.0000         0.012954
0.76850         1.0000         0.012909
0.76950         1.0000         0.012863
0.77050         1.0000         0.012818
0.77150         1.0000         0.012772
0.77250         1.0000         0.012726
0.77350         1.0000         0.012679
0.77450         1.0000         0.012633
0.77550         1.0000         0.012587
0.77650         1.0000         0.012540
0.77750         1.0000         0.012494
0.77850         1.0000         0.012447
0.77950         1.0000         0.012400
0.78050         1.0000         0.012353
0.78150         1.0000         0.012306
0.78250         1.0000         0.012259
0.78350         1.0000         0.012211
0.78450         1.0000         0.012164
0.78550         1.0000         0.012116
0.78650         1.0000         0.012069
0.78750         1.0000         0.012021
0.78850         1.0000         0.011973
0.78950         1.0000         0.011925
0.79050         1.0000         0.011876
0.79150         1.0000         0.011828
0.79250         1.0000         0.011780
0.79350         1.0000         0.011731
0.79450         1.0000         0.011682
0.79550         1.0000         0.011634
0.79650         1.0000         0.011585
0.79750         1.0000         0.011536
0.79850         1.0000         0.011487
0.79950         1.0000         0.011437
0.80050         1.0000         0.011388
0.80150         1.0000         0.011339
0.80250         1.0000         0.011289
0.80350         1.0000         0.011239
0.80450         1.0000         0.011190
0.80550         1.0000         0.011140
0.80650         1.0000         0.011090
0.80750         1.0000         0.011040
0.80850         1.0000         0.010989
0.80950         1.0000         0.010939
0.81050         1.0000         0.010888
0.81150         1.0000         0.010838
0.81250         1.0000         0.010787
0.81350         1.0000         0.010736
0.81450         1.0000         0.010686
0.81550         1.0000         0.010635
0.81650         1.0000         0.010584
0.81750         1.0000         0.010532
0.81850         1.0000         0.010481
0.81950         1.0000         0.010430
0.82050         1.0000         0.010378
0.82150         1.0000         0.010327
0.82250         1.0000         0.010275
0.82350         1.0000         0.010223
0.82450         1.0000         0.010171
0.82550         1.0000         0.010119
0.82650         1.0000         0.010067
0.82750         1.0000         0.010015
0.82850         1.0000         0.0099625
0.82950         1.0000         0.0099101
0.83050         1.0000         0.0098576
0.83150         1.0000         0.0098050
0.83250         1.0000         0.0097523
0.83350         1.0000         0.0096995
0.83450         1.0000         0.0096466
0.83550         1.0000         0.0095936
0.83650         1.0000         0.0095405
0.83750         1.0000         0.0094874
0.83850         1.0000         0.0094341
0.83950         1.0000         0.0093807
0.84050         1.0000         0.0093273
0.84150         1.0000         0.0092737
0.84250         1.0000         0.0092201
0.84350         1.0000         0.0091664
0.84450         1.0000         0.0091125
0.84550         1.0000         0.0090586
0.84650         1.0000         0.0090046
0.84750         1.0000         0.0089505
0.84850         1.0000         0.0088964
0.84950         1.0000         0.0088421
0.85050         1.0000         0.0087878
0.85150         1.0000         0.0087333
0.85250         1.0000         0.0086788
0.85350         1.0000         0.0086242
0.85450         1.0000         0.0085695
0.85550         1.0000         0.0085147
0.85650         1.0000         0.0084599
0.85750         1.0000         0.0084049
0.85850         1.0000         0.0083499
0.85950         1.0000         0.0082948
0.86050         1.0000         0.0082396
0.86150         1.0000         0.0081843
0.86250         1.0000         0.0081289
0.86350         1.0000         0.0080735
0.86450         1.0000         0.0080180
0.86550         1.0000         0.0079624
0.86650         1.0000         0.0079067
0.86750         1.0000         0.0078510
0.86850         1.0000         0.0077951
0.86950         1.0000         0.0077392
0.87050         1.0000         0.0076832
0.87150         1.0000         0.0076272
0.87250         1.0000         0.0075711
0.87350         1.0000         0.0075148
0.87450         1.0000         0.0074586
0.87550         1.0000         0.0074022
0.87650         1.0000         0.0073458
0.87750         1.0000         0.0072893
0.87850         1.0000         0.0072327
0.87950         1.0000         0.0071761
0.88050         1.0000         0.0071193
0.88150         1.0000         0.0070626
0.88250         1.0000         0.0070057
0.88350         1.0000         0.0069488
0.88450         1.0000         0.0068918
0.88550         1.0000         0.0068347
0.88650         1.0000         0.0067776
0.88750         1.0000         0.0067204
0.88850         1.0000         0.0066632
0.88950         1.0000         0.0066058
0.89050         1.0000         0.0065484
0.89150         1.0000         0.0064910
0.89250         1.0000         0.0064334
0.89350         1.0000         0.0063759
0.89450         1.0000         0.0063182
0.89550         1.0000         0.0062605
0.89650         1.0000         0.0062027
0.89750         1.0000         0.0061449
0.89850         1.0000         0.0060870
0.89950         1.0000         0.0060291
0.90050         1.0000         0.0059710
0.90150         1.0000         0.0059130
0.90250         1.0000         0.0058548
0.90350         1.0000         0.0057966
0.90450         1.0000         0.0057384
0.90550         1.0000         0.0056801
0.90650         1.0000         0.0056217
0.90750         1.0000         0.0055633
0.90850         1.0000         0.0055049
0.90950         1.0000         0.0054463
0.91050         1.0000         0.0053878
0.91150         1.0000         0.0053291
0.91250         1.0000         0.0052704
0.91350         1.0000         0.0052117
0.91450         1.0000         0.0051529
0.91550         1.0000         0.0050941
0.91650         1.0000         0.0050352
0.91750         1.0000         0.0049763
0.91850         1.0000         0.0049173
0.91950         1.0000         0.0048582
0.92050         1.0000         0.0047992
0.92150         1.0000         0.0047400
0.92250         1.0000         0.0046808
0.92350         1.0000         0.0046216
0.92450         1.0000         0.0045624
0.92550         1.0000         0.0045030
0.92650         1.0000         0.0044437
0.92750         1.0000         0.0043843
0.92850         1.0000         0.0043248
0.92950         1.0000         0.0042654
0.93050         1.0000         0.0042058
0.93150         1.0000         0.0041462
0.93250         1.0000         0.0040866
0.93350         1.0000         0.0040270
0.93450         1.0000         0.0039673
0.93550         1.0000         0.0039076
0.93650         1.0000         0.0038478
0.93750         1.0000         0.0037880
0.93850         1.0000         0.0037281
0.93950         1.0000         0.0036683
0.94050         1.0000         0.0036083
0.94150         1.0000         0.0035484
0.94250         1.0000         0.0034884
0.94350         1.0000         0.0034284
0.94450         1.0000         0.0033683
0.94550         1.0000         0.0033082
0.94650         1.0000         0.0032481
0.94750         1.0000         0.0031880
0.94850         1.0000         0.0031278
0.94950         1.0000         0.0030675
0.95050         1.0000         0.0030073
0.95150         1.0000         0.0029470
0.95250         1.0000         0.0028867
0.95350         1.0000         0.0028264
0.95450         1.0000         0.0027660
0.95550         1.0000         0.0027056
0.95650         1.0000         0.0026452
0.95750         1.0000         0.0025848
0.95850         1.0000         0.0025243
0.95950         1.0000         0.0024638
0.96050         1.0000         0.0024033
0.96150         1.0000         0.0023427
0.96250         1.0000         0.0022822
0.96350         1.0000         0.0022216
0.96450         1.0000         0.0021610
0.96550         1.0000         0.0021003
0.96650         1.0000         0.0020397
0.96750         1.0000         0.0019790
0.96850         1.0000         0.0019183
0.96950         1.0000         0.0018576
0.97050         1.0000         0.0017969
0.97150         1.0000         0.0017361
0.97250         1.0000         0.0016754
0.97350         1.0000         0.0016146
0.97450         1.0000         0.0015538
0.97550         1.0000         0.0014930
0.97650         1.0000         0.0014322
0.97750         1.0000         0.0013713
0.97850         1.0000         0.0013105
0.97950         1.0000         0.0012496
0.98050         1.0000         0.0011887
0.98150         1.0000         0.0011278
0.98250         1.0000         0.0010669
0.98350         1.0000         0.0010060
0.98450         1.0000         9.4511E-4
0.98550         1.0000         8.8418E-4
0.98650         1.0000         8.2324E-4
0.98750         1.0000         7.6230E-4
0.98850         1.0000         7.0134E-4
0.98950         1.0000         6.4038E-4
0.99050         1.0000         5.7940E-4
0.99150         1.0000         5.1843E-4
0.99250         1.0000         4.5745E-4
0.99350         1.0000         3.9646E-4
0.99450         1.0000         3.3548E-4
0.99550         1.0000         2.7449E-4
0.99650         1.0000         2.1350E-4
0.99750         1.0000         1.5250E-4
0.99850         1.0000         9.1503E-5
0.99950         1.0000         3.0502E-5
