-0.99900        0.25000        0.0017350
-0.99700        0.25000        0.0052050
-0.99500        0.25000        0.0086749
-0.99300        0.25000        0.012145
-0.99100        0.25000        0.015614
-0.98900        0.25000        0.019084
-0.98700        0.25000        0.022554
-0.98500        0.25000        0.026023
-0.98300        0.25000        0.029493
-0.98100        0.25000        0.032962
-0.97900        0.25000        0.036431
-0.97700        0.25000        0.039900
-0.97500        0.25000        0.043369
-0.97300        0.25000        0.046838
-0.97100        0.25000        0.050306
-0.96900        0.25000        0.053774
-0.96700        0.25000        0.057242
-0.96500        0.25000        0.060710
-0.96300        0.25000        0.064177
-0.96100        0.25000        0.067644
-0.95900        0.25000        0.071111
-0.95700        0.25000        0.074578
-0.95500        0.25000        0.078044
-0.95300        0.25000        0.081510
-0.95100        0.25000        0.084975
-0.94900        0.25000        0.088440
-0.94700        0.25000        0.091905
-0.94500        0.25000        0.095369
-0.94300        0.25000        0.098833
-0.94100        0.25000        0.10230
-0.93900        0.25000        0.10576
-0.93700        0.25000        0.10922
-0.93500        0.25000        0.11268
-0.93300        0.25000        0.11614
-0.93100        0.25000        0.11961
-0.92900        0.25000        0.12307
-0.92700        0.25000        0.12653
-0.92500        0.25000        0.12998
-0.92300        0.25000        0.13344
-0.92100        0.25000        0.13690
-0.91900        0.25000        0.14036
-0.91700        0.25000        0.14382
-0.91500        0.25000        0.14727
-0.91300        0.25000        0.15073
-0.91100        0.25000        0.15418
-0.90900        0.25000        0.15764
-0.90700        0.25000        0.16109
-0.90500        0.25000        0.16454
-0.90300        0.25000        0.16799
-0.90100        0.25000        0.17144
-0.89900        0.25000        0.17489
-0.89700        0.25000        0.17834
-0.89500        0.25000        0.18179
-0.89300        0.25000        0.18524
-0.89100        0.25000        0.18869
-0.88900        0.25000        0.19213
-0.88700        0.25000        0.19558
-0.88500        0.25000        0.19902
-0.88300        0.25000        0.20246
-0.88100        0.25000        0.20591
-0.87900        0.25000        0.20935
-0.87700        0.25000        0.21279
-0.87500        0.25000        0.21623
-0.87300        0.25000        0.21966
-0.87100        0.25000        0.22310
-0.86900        0.25000        0.22654
-0.86700        0.25000        0.22997
-0.86500        0.25000        0.23341
-0.86300        0.25000        0.23684
-0.86100        0.25000        0.24027
-0.85900        0.25000        0.24370
-0.85700        0.25000        0.24713
-0.85500        0.25000        0.25056
-0.85300        0.25000        0.25398
-0.85100        0.25000        0.25741
-0.84900        0.25000        0.26083
-0.84700        0.25000        0.26425
-0.84500        0.25000        0.26768
-0.84300        0.25000        0.27110
-0.84100        0.25000        0.27451
-0.83900        0.25000        0.27793
-0.83700        0.25000        0.28135
-0.83500        0.25000        0.28476
-0.83300        0.25000        0.28817
-0.83100        0.25000        0.29159
-0.82900        0.25000        0.29500
-0.82700        0.25000        0.29840
-0.82500        0.25000        0.30181
-0.82300        0.25000        0.30522
-0.82100        0.25000        0.30862
-0.81900        0.25000        0.31202
-0.81700        0.25000        0.31542
-0.81500        0.25000        0.31882
-0.81300        0.25000        0.32222
-0.81100        0.25000        0.32561
-0.80900        0.25000        0.32901
-0.80700        0.25000        0.33240
-0.80500        0.25000        0.33579
-0.80300        0.25000        0.33918
-0.80100        0.25000        0.34256
-0.79900        0.25000        0.34595
-0.79700        0.25000        0.34933
-0.79500        0.25000        0.35271
-0.79300        0.25000        0.35609
-0.79100        0.25000        0.35946
-0.78900        0.25000        0.36284
-0.78700        0.25000        0.36621
-0.78500        0.25000        0.36958
-0.78300        0.25000        0.37295
-0.78100        0.25000        0.37632
-0.77900        0.25000        0.37968
-0.77700        0.25000        0.38304
-0.77500        0.25000        0.38640
-0.77300        0.25000        0.38976
-0.77100        0.25000        0.39312
-0.76900        0.25000        0.39647
-0.76700        0.25000        0.39982
-0.76500        0.25000        0.40317
-0.76300        0.25000        0.40651
-0.76100        0.25000        0.40986
-0.75900        0.25000        0.41320
-0.75700        0.25000        0.41654
-0.75500        0.25000        0.41987
-0.75300        0.25000        0.42321
-0.75100        0.25000        0.42654
-0.74900        0.25000        0.42987
-0.74700        0.25000        0.43319
-0.74500        0.25000        0.43652
-0.74300        0.25000        0.43984
-0.74100        0.25000        0.44315
-0.73900        0.25000        0.44647
-0.73700        0.25000        0.44978
-0.73500        0.25000        0.45309
-0.73300        0.25000        0.45640
-0.73100        0.25000        0.45970
-0.72900        0.25000        0.46300
-0.72700        0.25000        0.46630
-0.72500        0.25000        0.46959
-0.72300        0.25000        0.47289
-0.72100        0.25000        0.47617
-0.71900        0.25000        0.47946
-0.71700        0.25000        0.48274
-0.71500        0.25000        0.48602
-0.71300        0.25000        0.48930
-0.71100        0.25000        0.49257
-0.70900        0.25000        0.49584
-0.70700        0.25000        0.49911
-0.70500        0.25000        0.50237
-0.70300        0.25000        0.50563
-0.70100        0.25000        0.50888
-0.69900        0.25000        0.51213
-0.69700        0.25000        0.51538
-0.69500        0.25000        0.51863
-0.69300        0.25000        0.52187
-0.69100        0.25000        0.52511
-0.68900        0.25000        0.52834
-0.68700        0.25000        0.53157
-0.68500        0.25000        0.53480
-0.68300        0.25000        0.53802
-0.68100        0.25000        0.54124
-0.67900        0.25000        0.54445
-0.67700        0.25000        0.54766
-0.67500        0.25000        0.55087
-0.67300        0.25000        0.55407
-0.67100        0.25000        0.55727
-0.66900        0.25000        0.56047
-0.66700        0.25000        0.56366
-0.66500        0.25000        0.56684
-0.66300        0.25000        0.57002
-0.66100        0.25000        0.57320
-0.65900        0.25000        0.57637
-0.65700        0.25000        0.57954
-0.65500        0.25000        0.58270
-0.65300        0.25000        0.58586
-0.65100        0.25000        0.58902
-0.64900        0.25000        0.59217
-0.64700        0.25000        0.59531
-0.64500        0.25000        0.59845
-0.64300        0.25000        0.60159
-0.64100        0.25000        0.60472
-0.63900        0.25000        0.60784
-0.63700        0.25000        0.61096
-0.63500        0.25000        0.61408
-0.63300        0.25000        0.61719
-0.63100        0.25000        0.62029
-0.62900        0.25000        0.62339
-0.62700        0.25000        0.62649
-0.62500        0.25000        0.62958
-0.62300        0.25000        0.63266
-0.62100        0.25000        0.63574
-0.61900        0.25000        0.63881
-0.61700        0.25000        0.64188
-0.61500        0.25000        0.64494
-0.61300        0.25000        0.64800
-0.61100        0.25000        0.65105
-0.60900        0.25000        0.65409
-0.60700        0.25000        0.65713
-0.60500        0.25000        0.66016
-0.60300        0.25000        0.66319
-0.60100        0.25000        0.66621
-0.59900        0.25000        0.66922
-0.59700        0.25000        0.67223
-0.59500        0.25000        0.67523
-0.59300        0.25000        0.67822
-0.59100        0.25000        0.68121
-0.58900        0.25000        0.68419
-0.58700        0.25000        0.68717
-0.58500        0.25000        0.69014
-0.58300        0.25000        0.69310
-0.58100        0.25000        0.69605
-0.57900        0.25000        0.69900
-0.57700        0.25000        0.70194
-0.57500        0.25000        0.70488
-0.57300        0.25000        0.70781
-0.57100        0.25000        0.71072
-0.56900        0.25000        0.71364
-0.56700        0.25000        0.71654
-0.56500        0.25000        0.71944
-0.56300        0.25000        0.72233
-0.56100        0.25000        0.72521
-0.55900        0.25000        0.72809
-0.55700        0.25000        0.73095
-0.55500        0.25000        0.73381
-0.55300        0.25000        0.73666
-0.55100        0.25000        0.73951
-0.54900        0.25000        0.74234
-0.54700        0.25000        0.74517
-0.54500        0.25000        0.74798
-0.54300        0.25000        0.75079
-0.54100        0.25000        0.75360
-0.53900        0.25000        0.75639
-0.53700        0.25000        0.75917
-0.53500        0.25000        0.76195
-0.53300        0.25000        0.76472
-0.53100        0.25000        0.76747
-0.52900        0.25000        0.77022
-0.52700        0.25000        0.77296
-0.52500        0.25000        0.77569
-0.52300        0.25000        0.77841
-0.52100        0.25000        0.78112
-0.51900        0.25000        0.78382
-0.51700        0.25000        0.78652
-0.51500        0.25000        0.78920
-0.51300        0.25000        0.79187
-0.51100        0.25000        0.79453
-0.50900        0.25000        0.79718
-0.50700        0.25000        0.79983
-0.50500        0.25000        0.80246
-0.50300        0.25000        0.80508
-0.50100        0.25000        0.80769
-0.49900        0.25000        0.81029
-0.49700        0.25000        0.81288
-0.49500        0.25000        0.81546
-0.49300        0.25000        0.81802
-0.49100        0.25000        0.82058
-0.48900        0.25000        0.82312
-0.48700        0.25000        0.82566
-0.48500        0.25000        0.82818
-0.48300        0.25000        0.83069
-0.48100        0.25000        0.83319
-0.47900        0.25000        0.83567
-0.47700        0.25000        0.83815
-0.47500        0.25000        0.84061
-0.47300        0.25000        0.84306
-0.47100        0.25000        0.84550
-0.46900        0.25000        0.84792
-0.46700        0.25000        0.85033
-0.46500        0.25000        0.85273
-0.46300        0.25000        0.85512
-0.46100        0.25000        0.85749
-0.45900        0.25000        0.85985
-0.45700        0.25000        0.86220
-0.45500        0.25000        0.86453
-0.45300        0.25000        0.86685
-0.45100        0.25000        0.86916
-0.44900        0.25000        0.87145
-0.44700        0.25000        0.87373
-0.44500        0.25000        0.87599
-0.44300        0.25000        0.87824
-0.44100        0.25000        0.88047
-0.43900        0.25000        0.88269
-0.43700        0.25000        0.88489
-0.43500        0.25000        0.88708
-0.43300        0.25000        0.88926
-0.43100        0.25000        0.89141
-0.42900        0.25000        0.89356
-0.42700        0.25000        0.89568
-0.42500        0.25000        0.89779
-0.42300        0.25000        0.89988
-0.42100        0.25000        0.90196
-0.41900        0.25000        0.90402
-0.41700        0.25000        0.90607
-0.41500        0.25000        0.90810
-0.41300        0.25000        0.91011
-0.41100        0.25000        0.91210
-0.40900        0.25000        0.91408
-0.40700        0.25000        0.91603
-0.40500        0.25000        0.91797
-0.40300        0.25000        0.91989
-0.40100        0.25000        0.92180
-0.39900        0.25000        0.92368
-0.39700        0.25000        0.92555
-0.39500        0.25000        0.92740
-0.39300        0.25000        0.92923
-0.39100        0.25000        0.93104
-0.38900        0.25000        0.93283
-0.38700        0.25000        0.93459
-0.38500        0.25000        0.93634
-0.38300        0.25000        0.93807
-0.38100        0.25000        0.93978
-0.37900        0.25000        0.94147
-0.37700        0.25000        0.94314
-0.37500        0.25000        0.94479
-0.37300        0.25000        0.94641
-0.37100        0.25000        0.94801
-0.36900        0.25000        0.94959
-0.36700        0.25000        0.95115
-0.36500        0.25000        0.95268
-0.36300        0.25000        0.95420
-0.36100        0.25000        0.95569
-0.35900        0.25000        0.95716
-0.35700        0.25000        0.95860
-0.35500        0.25000        0.96002
-0.35300        0.25000        0.96142
-0.35100        0.25000        0.96279
-0.34900        0.25000        0.96413
-0.34700        0.25000        0.96545
-0.34500        0.25000        0.96675
-0.34300        0.25000        0.96802
-0.34100        0.25000        0.96926
-0.33900        0.25000        0.97049
-0.33700        0.25000        0.97168
-0.33500        0.25000        0.97285
-0.33300        0.25000        0.97399
-0.33100        0.25000        0.97510
-0.32900        0.25000        0.97618
-0.32700        0.25000        0.97723
-0.32500        0.25000        0.97826
-0.32300        0.25000        0.97926
-0.32100        0.25000        0.98023
-0.31900        0.25000        0.98117
-0.31700        0.25000        0.98208
-0.31500        0.25000        0.98296
-0.31300        0.25000        0.98381
-0.31100        0.25000        0.98463
-0.30900        0.25000        0.98542
-0.30700        0.25000        0.98617
-0.30500        0.25000        0.98689
-0.30300        0.25000        0.98758
-0.30100        0.25000        0.98824
-0.29900        0.25000        0.98887
-0.29700        0.25000        0.98947
-0.29500        0.25000        0.99002
-0.29300        0.25000        0.99055
-0.29100        0.25000        0.99104
-0.28900        0.25000        0.99149
-0.28700        0.25000        0.99190
-0.28500        0.25000        0.99228
-0.28300        0.25000        0.99262
-0.28100        0.25000        0.99293
-0.27900        0.25000        0.99320
-0.27700        0.25000        0.99344
-0.27500        0.25000        0.99363
-0.27300        0.25000        0.99378
-0.27100        0.25000        0.99390
-0.26900        0.25000        0.99397
-0.26700        0.25000        0.99400
-0.26500        0.25000        0.99399
-0.26300        0.25000        0.99394
-0.26100        0.25000        0.99384
-0.25900        0.25000        0.99371
-0.25700        0.25000        0.99354
-0.25500        0.25000        0.99332
-0.25300        0.25000        0.99305
-0.25100        0.25000        0.99274
-0.24900        0.25000        0.99238
-0.24700        0.25000        0.99197
-0.24500        0.25000        0.99152
-0.24300        0.25000        0.99102
-0.24100        0.25000        0.99047
-0.23900        0.25000        0.98988
-0.23700        0.25000        0.98924
-0.23500        0.25000        0.98855
-0.23300        0.25000        0.98780
-0.23100        0.25000        0.98700
-0.22900        0.25000        0.98615
-0.22700        0.25000        0.98524
-0.22500        0.25000        0.98428
-0.22300        0.25000        0.98327
-0.22100        0.25000        0.98220
-0.21900        0.25000        0.98108
-0.21700        0.25000        0.97991
-0.21500        0.25000        0.97868
-0.21300        0.25000        0.97738
-0.21100        0.25000        0.97602
-0.20900        0.25000        0.97460
-0.20700        0.25000        0.97312
-0.20500        0.25000        0.97157
-0.20300        0.25000        0.96997
-0.20100        0.25000        0.96830
-0.19900        0.25000        0.96657
-0.19700        0.25000        0.96478
-0.19500        0.25000        0.96292
-0.19300        0.25000        0.96099
-0.19100        0.25000        0.95899
-0.18900        0.25000        0.95691
-0.18700        0.25000        0.95476
-0.18500        0.25000        0.95254
-0.18300        0.25000        0.95024
-0.18100        0.25000        0.94788
-0.17900        0.25000        0.94545
-0.17700        0.25000        0.94294
-0.17500        0.25000        0.94035
-0.17300        0.25000        0.93767
-0.17100        0.25000        0.93491
-0.16900        0.25000        0.93207
-0.16700        0.25000        0.92914
-0.16500        0.25000        0.92612
-0.16300        0.25000        0.92302
-0.16100        0.25000        0.91984
-0.15900        0.25000        0.91657
-0.15700        0.25000        0.91322
-0.15500        0.25000        0.90977
-0.15300        0.25000        0.90621
-0.15100        0.25000        0.90256
-0.14900        0.25000        0.89880
-0.14700        0.25000        0.89494
-0.14500        0.25000        0.89098
-0.14300        0.25000        0.88692
-0.14100        0.25000        0.88275
-0.13900        0.25000        0.87850
-0.13700        0.25000        0.87413
-0.13500        0.25000        0.86965
-0.13300        0.25000        0.86503
-0.13100        0.25000        0.86030
-0.12900        0.25000        0.85543
-0.12700        0.25000        0.85045
-0.12500        0.25000        0.84534
-0.12300        0.25000        0.84010
-0.12100        0.25000        0.83475
-0.11900        0.25000        0.82928
-0.11700        0.25000        0.82367
-0.11500        0.25000        0.81791
-0.11300        0.25000        0.81199
-0.11100        0.25000        0.80592
-0.10900        0.25000        0.79969
-0.10700        0.25000        0.79331
-0.10500        0.25000        0.78676
-0.10300        0.25000        0.78007
-0.10100        0.25000        0.77321
-0.099000       0.25000        0.76622
-0.097000       0.25000        0.75905
-0.095000       0.25000        0.75168
-0.093000       0.25000        0.74412
-0.091000       0.25000        0.73635
-0.089000       0.25000        0.72838
-0.087000       0.25000        0.72021
-0.085000       0.25000        0.71184
-0.083000       0.25000        0.70327
-0.081000       0.25000        0.69450
-0.079000       0.25000        0.68556
-0.077000       0.25000        0.67639
-0.075000       0.25000        0.66696
-0.073000       0.25000        0.65728
-0.071000       0.25000        0.64734
-0.069000       0.25000        0.63714
-0.067000       0.25000        0.62668
-0.065000       0.25000        0.61596
-0.063000       0.25000        0.60498
-0.061000       0.25000        0.59375
-0.059000       0.25000        0.58234
-0.057000       0.25000        0.57067
-0.055000       0.25000        0.55864
-0.053000       0.25000        0.54624
-0.051000       0.25000        0.53347
-0.049000       0.25000        0.52034
-0.047000       0.25000        0.50685
-0.045000       0.25000        0.49299
-0.043000       0.25000        0.47876
-0.041000       0.25000        0.46416
-0.039000       0.25000        0.44939
-0.037000       0.25000        0.43413
-0.035000       0.25000        0.41808
-0.033000       0.25000        0.40126
-0.031000       0.25000        0.38367
-0.029000       0.25000        0.36529
-0.027000       0.25000        0.34614
-0.025000       0.25000        0.32621
-0.023000       0.25000        0.30550
-0.021000       0.25000        0.28401
-0.019000       0.25000        0.26112
-0.017000       0.25000        0.23685
-0.015000       0.25000        0.21183
-0.013000       0.25000        0.18604
-0.011000       0.25000        0.15950
-0.0090000      0.25000        0.13220
-0.0070000      0.25000        0.10415
-0.0050000      0.25000        0.075338
-0.0030000      0.25000        0.045770
-0.0010000      0.25000        0.015446
0.0010000       0.25000        -0.015446
0.0030000       0.25000        -0.045770
0.0050000       0.25000        -0.075338
0.0070000       0.25000        -0.10415
0.0090000       0.25000        -0.13220
0.011000        0.25000        -0.15950
0.013000        0.25000        -0.18604
0.015000        0.25000        -0.21183
0.017000        0.25000        -0.23685
0.019000        0.25000        -0.26112
0.021000        0.25000        -0.28401
0.023000        0.25000        -0.30550
0.025000        0.25000        -0.32621
0.027000        0.25000        -0.34614
0.029000        0.25000        -0.36529
0.031000        0.25000        -0.38367
0.033000        0.25000        -0.40126
0.035000        0.25000        -0.41808
0.037000        0.25000        -0.43413
0.039000        0.25000        -0.44939
0.041000        0.25000        -0.46416
0.043000        0.25000        -0.47876
0.045000        0.25000        -0.49299
0.047000        0.25000        -0.50685
0.049000        0.25000        -0.52034
0.051000        0.25000        -0.53347
0.053000        0.25000        -0.54624
0.055000        0.25000        -0.55864
0.057000        0.25000        -0.57067
0.059000        0.25000        -0.58234
0.061000        0.25000        -0.59375
0.063000        0.25000        -0.60498
0.065000        0.25000        -0.61596
0.067000        0.25000        -0.62668
0.069000        0.25000        -0.63714
0.071000        0.25000        -0.64734
0.073000        0.25000        -0.65728
0.075000        0.25000        -0.66696
0.077000        0.25000        -0.67639
0.079000        0.25000        -0.68556
0.081000        0.25000        -0.69450
0.083000        0.25000        -0.70327
0.085000        0.25000        -0.71184
0.087000        0.25000        -0.72021
0.089000        0.25000        -0.72838
0.091000        0.25000        -0.73635
0.093000        0.25000        -0.74412
0.095000        0.25000        -0.75168
0.097000        0.25000        -0.75905
0.099000        0.25000        -0.76622
0.10100         0.25000        -0.77321
0.10300         0.25000        -0.78007
0.10500         0.25000        -0.78676
0.10700         0.25000        -0.79331
0.10900         0.25000        -0.79969
0.11100         0.25000        -0.80592
0.11300         0.25000        -0.81199
0.11500         0.25000        -0.81791
0.11700         0.25000        -0.82367
0.11900         0.25000        -0.82928
0.12100         0.25000        -0.83475
0.12300         0.25000        -0.84010
0.12500         0.25000        -0.84534
0.12700         0.25000        -0.85045
0.12900         0.25000        -0.85543
0.13100         0.25000        -0.86030
0.13300         0.25000        -0.86503
0.13500         0.25000        -0.86965
0.13700         0.25000        -0.87413
0.13900         0.25000        -0.87850
0.14100         0.25000        -0.88275
0.14300         0.25000        -0.88692
0.14500         0.25000        -0.89098
0.14700         0.25000        -0.89494
0.14900         0.25000        -0.89880
0.15100         0.25000        -0.90256
0.15300         0.25000        -0.90621
0.15500         0.25000        -0.90977
0.15700         0.25000        -0.91322
0.15900         0.25000        -0.91657
0.16100         0.25000        -0.91984
0.16300         0.25000        -0.92302
0.16500         0.25000        -0.92612
0.16700         0.25000        -0.92914
0.16900         0.25000        -0.93207
0.17100         0.25000        -0.93491
0.17300         0.25000        -0.93767
0.17500         0.25000        -0.94035
0.17700         0.25000        -0.94294
0.17900         0.25000        -0.94545
0.18100         0.25000        -0.94788
0.18300         0.25000        -0.95024
0.18500         0.25000        -0.95254
0.18700         0.25000        -0.95476
0.18900         0.25000        -0.95691
0.19100         0.25000        -0.95899
0.19300         0.25000        -0.96099
0.19500         0.25000        -0.96292
0.19700         0.25000        -0.96478
0.19900         0.25000        -0.96657
0.20100         0.25000        -0.96830
0.20300         0.25000        -0.96997
0.20500         0.25000        -0.97157
0.20700         0.25000        -0.97312
0.20900         0.25000        -0.97460
0.21100         0.25000        -0.97602
0.21300         0.25000        -0.97738
0.21500         0.25000        -0.97868
0.21700         0.25000        -0.97991
0.21900         0.25000        -0.98108
0.22100         0.25000        -0.98220
0.22300         0.25000        -0.98327
0.22500         0.25000        -0.98428
0.22700         0.25000        -0.98524
0.22900         0.25000        -0.98615
0.23100         0.25000        -0.98700
0.23300         0.25000        -0.98780
0.23500         0.25000        -0.98855
0.23700         0.25000        -0.98924
0.23900         0.25000        -0.98988
0.24100         0.25000        -0.99047
0.24300         0.25000        -0.99102
0.24500         0.25000        -0.99152
0.24700         0.25000        -0.99197
0.24900         0.25000        -0.99238
0.25100         0.25000        -0.99274
0.25300         0.25000        -0.99305
0.25500         0.25000        -0.99332
0.25700         0.25000        -0.99354
0.25900         0.25000        -0.99371
0.26100         0.25000        -0.99384
0.26300         0.25000        -0.99394
0.26500         0.25000        -0.99399
0.26700         0.25000        -0.99400
0.26900         0.25000        -0.99397
0.27100         0.25000        -0.99390
0.27300         0.25000        -0.99378
0.27500         0.25000        -0.99363
0.27700         0.25000        -0.99344
0.27900         0.25000        -0.99320
0.28100         0.25000        -0.99293
0.28300         0.25000        -0.99262
0.28500         0.25000        -0.99228
0.28700         0.25000        -0.99190
0.28900         0.25000        -0.99149
0.29100         0.25000        -0.99104
0.29300         0.25000        -0.99055
0.29500         0.25000        -0.99002
0.29700         0.25000        -0.98947
0.29900         0.25000        -0.98887
0.30100         0.25000        -0.98824
0.30300         0.25000        -0.98758
0.30500         0.25000        -0.98689
0.30700         0.25000        -0.98617
0.30900         0.25000        -0.98542
0.31100         0.25000        -0.98463
0.31300         0.25000        -0.98381
0.31500         0.25000        -0.98296
0.31700         0.25000        -0.98208
0.31900         0.25000        -0.98117
0.32100         0.25000        -0.98023
0.32300         0.25000        -0.97926
0.32500         0.25000        -0.97826
0.32700         0.25000        -0.97723
0.32900         0.25000        -0.97618
0.33100         0.25000        -0.97510
0.33300         0.25000        -0.97399
0.33500         0.25000        -0.97285
0.33700         0.25000        -0.97168
0.33900         0.25000        -0.97049
0.34100         0.25000        -0.96926
0.34300         0.25000        -0.96802
0.34500         0.25000        -0.96675
0.34700         0.25000        -0.96545
0.34900         0.25000        -0.96413
0.35100         0.25000        -0.96279
0.35300         0.25000        -0.96142
0.35500         0.25000        -0.96002
0.35700         0.25000        -0.95860
0.35900         0.25000        -0.95716
0.36100         0.25000        -0.95569
0.36300         0.25000        -0.95420
0.36500         0.25000        -0.95268
0.36700         0.25000        -0.95115
0.36900         0.25000        -0.94959
0.37100         0.25000        -0.94801
0.37300         0.25000        -0.94641
0.37500         0.25000        -0.94479
0.37700         0.25000        -0.94314
0.37900         0.25000        -0.94147
0.38100         0.25000        -0.93978
0.38300         0.25000        -0.93807
0.38500         0.25000        -0.93634
0.38700         0.25000        -0.93459
0.38900         0.25000        -0.93283
0.39100         0.25000        -0.93104
0.39300         0.25000        -0.92923
0.39500         0.25000        -0.92740
0.39700         0.25000        -0.92555
0.39900         0.25000        -0.92368
0.40100         0.25000        -0.92180
0.40300         0.25000        -0.91989
0.40500         0.25000        -0.91797
0.40700         0.25000        -0.91603
0.40900         0.25000        -0.91408
0.41100         0.25000        -0.91210
0.41300         0.25000        -0.91011
0.41500         0.25000        -0.90810
0.41700         0.25000        -0.90607
0.41900         0.25000        -0.90402
0.42100         0.25000        -0.90196
0.42300         0.25000        -0.89988
0.42500         0.25000        -0.89779
0.42700         0.25000        -0.89568
0.42900         0.25000        -0.89356
0.43100         0.25000        -0.89141
0.43300         0.25000        -0.88926
0.43500         0.25000        -0.88708
0.43700         0.25000        -0.88489
0.43900         0.25000        -0.88269
0.44100         0.25000        -0.88047
0.44300         0.25000        -0.87824
0.44500         0.25000        -0.87599
0.44700         0.25000        -0.87373
0.44900         0.25000        -0.87145
0.45100         0.25000        -0.86916
0.45300         0.25000        -0.86685
0.45500         0.25000        -0.86453
0.45700         0.25000        -0.86220
0.45900         0.25000        -0.85985
0.46100         0.25000        -0.85749
0.46300         0.25000        -0.85512
0.46500         0.25000        -0.85273
0.46700         0.25000        -0.85033
0.46900         0.25000        -0.84792
0.47100         0.25000        -0.84550
0.47300         0.25000        -0.84306
0.47500         0.25000        -0.84061
0.47700         0.25000        -0.83815
0.47900         0.25000        -0.83567
0.48100         0.25000        -0.83319
0.48300         0.25000        -0.83069
0.48500         0.25000        -0.82818
0.48700         0.25000        -0.82566
0.48900         0.25000        -0.82312
0.49100         0.25000        -0.82058
0.49300         0.25000        -0.81802
0.49500         0.25000        -0.81546
0.49700         0.25000        -0.81288
0.49900         0.25000        -0.81029
0.50100         0.25000        -0.80769
0.50300         0.25000        -0.80508
0.50500         0.25000        -0.80246
0.50700         0.25000        -0.79983
0.50900         0.25000        -0.79718
0.51100         0.25000        -0.79453
0.51300         0.25000        -0.79187
0.51500         0.25000        -0.78920
0.51700         0.25000        -0.78652
0.51900         0.25000        -0.78382
0.52100         0.25000        -0.78112
0.52300         0.25000        -0.77841
0.52500         0.25000        -0.77569
0.52700         0.25000        -0.77296
0.52900         0.25000        -0.77022
0.53100         0.25000        -0.76747
0.53300         0.25000        -0.76472
0.53500         0.25000        -0.76195
0.53700         0.25000        -0.75917
0.53900         0.25000        -0.75639
0.54100         0.25000        -0.75360
0.54300         0.25000        -0.75079
0.54500         0.25000        -0.74798
0.54700         0.25000        -0.74517
0.54900         0.25000        -0.74234
0.55100         0.25000        -0.73951
0.55300         0.25000        -0.73666
0.55500         0.25000        -0.73381
0.55700         0.25000        -0.73095
0.55900         0.25000        -0.72809
0.56100         0.25000        -0.72521
0.56300         0.25000        -0.72233
0.56500         0.25000        -0.71944
0.56700         0.25000        -0.71654
0.56900         0.25000        -0.71364
0.57100         0.25000        -0.71072
0.57300         0.25000        -0.70781
0.57500         0.25000        -0.70488
0.57700         0.25000        -0.70194
0.57900         0.25000        -0.69900
0.58100         0.25000        -0.69605
0.58300         0.25000        -0.69310
0.58500         0.25000        -0.69014
0.58700         0.25000        -0.68717
0.58900         0.25000        -0.68419
0.59100         0.25000        -0.68121
0.59300         0.25000        -0.67822
0.59500         0.25000        -0.67523
0.59700         0.25000        -0.67223
0.59900         0.25000        -0.66922
0.60100         0.25000        -0.66621
0.60300         0.25000        -0.66319
0.60500         0.25000        -0.66016
0.60700         0.25000        -0.65713
0.60900         0.25000        -0.65409
0.61100         0.25000        -0.65105
0.61300         0.25000        -0.64800
0.61500         0.25000        -0.64494
0.61700         0.25000        -0.64188
0.61900         0.25000        -0.63881
0.62100         0.25000        -0.63574
0.62300         0.25000        -0.63266
0.62500         0.25000        -0.62958
0.62700         0.25000        -0.62649
0.62900         0.25000        -0.62339
0.63100         0.25000        -0.62029
0.63300         0.25000        -0.61719
0.63500         0.25000        -0.61408
0.63700         0.25000        -0.61096
0.63900         0.25000        -0.60784
0.64100         0.25000        -0.60472
0.64300         0.25000        -0.60159
0.64500         0.25000        -0.59845
0.64700         0.25000        -0.59531
0.64900         0.25000        -0.59217
0.65100         0.25000        -0.58902
0.65300         0.25000        -0.58586
0.65500         0.25000        -0.58270
0.65700         0.25000        -0.57954
0.65900         0.25000        -0.57637
0.66100         0.25000        -0.57320
0.66300         0.25000        -0.57002
0.66500         0.25000        -0.56684
0.66700         0.25000        -0.56366
0.66900         0.25000        -0.56047
0.67100         0.25000        -0.55727
0.67300         0.25000        -0.55407
0.67500         0.25000        -0.55087
0.67700         0.25000        -0.54766
0.67900         0.25000        -0.54445
0.68100         0.25000        -0.54124
0.68300         0.25000        -0.53802
0.68500         0.25000        -0.53480
0.68700         0.25000        -0.53157
0.68900         0.25000        -0.52834
0.69100         0.25000        -0.52511
0.69300         0.25000        -0.52187
0.69500         0.25000        -0.51863
0.69700         0.25000        -0.51538
0.69900         0.25000        -0.51213
0.70100         0.25000        -0.50888
0.70300         0.25000        -0.50563
0.70500         0.25000        -0.50237
0.70700         0.25000        -0.49911
0.70900         0.25000        -0.49584
0.71100         0.25000        -0.49257
0.71300         0.25000        -0.48930
0.71500         0.25000        -0.48602
0.71700         0.25000        -0.48274
0.71900         0.25000        -0.47946
0.72100         0.25000        -0.47617
0.72300         0.25000        -0.47289
0.72500         0.25000        -0.46959
0.72700         0.25000        -0.46630
0.72900         0.25000        -0.46300
0.73100         0.25000        -0.45970
0.73300         0.25000        -0.45640
0.73500         0.25000        -0.45309
0.73700         0.25000        -0.44978
0.73900         0.25000        -0.44647
0.74100         0.25000        -0.44315
0.74300         0.25000        -0.43984
0.74500         0.25000        -0.43652
0.74700         0.25000        -0.43319
0.74900         0.25000        -0.42987
0.75100         0.25000        -0.42654
0.75300         0.25000        -0.42321
0.75500         0.25000        -0.41987
0.75700         0.25000        -0.41654
0.75900         0.25000        -0.41320
0.76100         0.25000        -0.40986
0.76300         0.25000        -0.40651
0.76500         0.25000        -0.40317
0.76700         0.25000        -0.39982
0.76900         0.25000        -0.39647
0.77100         0.25000        -0.39312
0.77300         0.25000        -0.38976
0.77500         0.25000        -0.38640
0.77700         0.25000        -0.38304
0.77900         0.25000        -0.37968
0.78100         0.25000        -0.37632
0.78300         0.25000        -0.37295
0.78500         0.25000        -0.36958
0.78700         0.25000        -0.36621
0.78900         0.25000        -0.36284
0.79100         0.25000        -0.35946
0.79300         0.25000        -0.35609
0.79500         0.25000        -0.35271
0.79700         0.25000        -0.34933
0.79900         0.25000        -0.34595
0.80100         0.25000        -0.34256
0.80300         0.25000        -0.33918
0.80500         0.25000        -0.33579
0.80700         0.25000        -0.33240
0.80900         0.25000        -0.32901
0.81100         0.25000        -0.32561
0.81300         0.25000        -0.32222
0.81500         0.25000        -0.31882
0.81700         0.25000        -0.31542
0.81900         0.25000        -0.31202
0.82100         0.25000        -0.30862
0.82300         0.25000        -0.30522
0.82500         0.25000        -0.30181
0.82700         0.25000        -0.29840
0.82900         0.25000        -0.29500
0.83100         0.25000        -0.29159
0.83300         0.25000        -0.28817
0.83500         0.25000        -0.28476
0.83700         0.25000        -0.28135
0.83900         0.25000        -0.27793
0.84100         0.25000        -0.27451
0.84300         0.25000        -0.27110
0.84500         0.25000        -0.26768
0.84700         0.25000        -0.26425
0.84900         0.25000        -0.26083
0.85100         0.25000        -0.25741
0.85300         0.25000        -0.25398
0.85500         0.25000        -0.25056
0.85700         0.25000        -0.24713
0.85900         0.25000        -0.24370
0.86100         0.25000        -0.24027
0.86300         0.25000        -0.23684
0.86500         0.25000        -0.23341
0.86700         0.25000        -0.22997
0.86900         0.25000        -0.22654
0.87100         0.25000        -0.22310
0.87300         0.25000        -0.21966
0.87500         0.25000        -0.21623
0.87700         0.25000        -0.21279
0.87900         0.25000        -0.20935
0.88100         0.25000        -0.20591
0.88300         0.25000        -0.20246
0.88500         0.25000        -0.19902
0.88700         0.25000        -0.19558
0.88900         0.25000        -0.19213
0.89100         0.25000        -0.18869
0.89300         0.25000        -0.18524
0.89500         0.25000        -0.18179
0.89700         0.25000        -0.17834
0.89900         0.25000        -0.17489
0.90100         0.25000        -0.17144
0.90300         0.25000        -0.16799
0.90500         0.25000        -0.16454
0.90700         0.25000        -0.16109
0.90900         0.25000        -0.15764
0.91100         0.25000        -0.15418
0.91300         0.25000        -0.15073
0.91500         0.25000        -0.14727
0.91700         0.25000        -0.14382
0.91900         0.25000        -0.14036
0.92100         0.25000        -0.13690
0.92300         0.25000        -0.13344
0.92500         0.25000        -0.12998
0.92700         0.25000        -0.12653
0.92900         0.25000        -0.12307
0.93100         0.25000        -0.11961
0.93300         0.25000        -0.11614
0.93500         0.25000        -0.11268
0.93700         0.25000        -0.10922
0.93900         0.25000        -0.10576
0.94100         0.25000        -0.10230
0.94300         0.25000        -0.098833
0.94500         0.25000        -0.095369
0.94700         0.25000        -0.091905
0.94900         0.25000        -0.088440
0.95100         0.25000        -0.084975
0.95300         0.25000        -0.081510
0.95500         0.25000        -0.078044
0.95700         0.25000        -0.074578
0.95900         0.25000        -0.071111
0.96100         0.25000        -0.067644
0.96300         0.25000        -0.064177
0.96500         0.25000        -0.060710
0.96700         0.25000        -0.057242
0.96900         0.25000        -0.053774
0.97100         0.25000        -0.050306
0.97300         0.25000        -0.046838
0.97500         0.25000        -0.043369
0.97700         0.25000        -0.039900
0.97900         0.25000        -0.036431
0.98100         0.25000        -0.032962
0.98300         0.25000        -0.029493
0.98500         0.25000        -0.026023
0.98700         0.25000        -0.022554
0.98900         0.25000        -0.019084
0.99100         0.25000        -0.015614
0.99300         0.25000        -0.012145
0.99500         0.25000        -0.0086749
0.99700         0.25000        -0.0052050
0.99900         0.25000        -0.0017350
