-0.99900        0.0000         0.0031425
-0.99700        0.0000         0.0094264
-0.99500        0.0000         0.015709
-0.99300        0.0000         0.021991
-0.99100        0.0000         0.028271
-0.98900        0.0000         0.034550
-0.98700        0.0000         0.040828
-0.98500        0.0000         0.047104
-0.98300        0.0000         0.053380
-0.98100        0.0000         0.059654
-0.97900        0.0000         0.065926
-0.97700        0.0000         0.072195
-0.97500        0.0000         0.078461
-0.97300        0.0000         0.084722
-0.97100        0.0000         0.090980
-0.96900        0.0000         0.097234
-0.96700        0.0000         0.10348
-0.96500        0.0000         0.10973
-0.96300        0.0000         0.11597
-0.96100        0.0000         0.12221
-0.95900        0.0000         0.12845
-0.95700        0.0000         0.13468
-0.95500        0.0000         0.14090
-0.95300        0.0000         0.14712
-0.95100        0.0000         0.15333
-0.94900        0.0000         0.15954
-0.94700        0.0000         0.16573
-0.94500        0.0000         0.17193
-0.94300        0.0000         0.17811
-0.94100        0.0000         0.18429
-0.93900        0.0000         0.19047
-0.93700        0.0000         0.19663
-0.93500        0.0000         0.20279
-0.93300        0.0000         0.20894
-0.93100        0.0000         0.21508
-0.92900        0.0000         0.22121
-0.92700        0.0000         0.22733
-0.92500        0.0000         0.23344
-0.92300        0.0000         0.23955
-0.92100        0.0000         0.24564
-0.91900        0.0000         0.25173
-0.91700        0.0000         0.25781
-0.91500        0.0000         0.26387
-0.91300        0.0000         0.26993
-0.91100        0.0000         0.27597
-0.90900        0.0000         0.28200
-0.90700        0.0000         0.28803
-0.90500        0.0000         0.29404
-0.90300        0.0000         0.30004
-0.90100        0.0000         0.30602
-0.89900        0.0000         0.31200
-0.89700        0.0000         0.31797
-0.89500        0.0000         0.32392
-0.89300        0.0000         0.32985
-0.89100        0.0000         0.33578
-0.88900        0.0000         0.34169
-0.88700        0.0000         0.34759
-0.88500        0.0000         0.35347
-0.88300        0.0000         0.35934
-0.88100        0.0000         0.36520
-0.87900        0.0000         0.37104
-0.87700        0.0000         0.37687
-0.87500        0.0000         0.38268
-0.87300        0.0000         0.38848
-0.87100        0.0000         0.39426
-0.86900        0.0000         0.40003
-0.86700        0.0000         0.40578
-0.86500        0.0000         0.41151
-0.86300        0.0000         0.41723
-0.86100        0.0000         0.42293
-0.85900        0.0000         0.42862
-0.85700        0.0000         0.43429
-0.85500        0.0000         0.43994
-0.85300        0.0000         0.44557
-0.85100        0.0000         0.45119
-0.84900        0.0000         0.45678
-0.84700        0.0000         0.46236
-0.84500        0.0000         0.46793
-0.84300        0.0000         0.47347
-0.84100        0.0000         0.47899
-0.83900        0.0000         0.48450
-0.83700        0.0000         0.48999
-0.83500        0.0000         0.49546
-0.83300        0.0000         0.50091
-0.83100        0.0000         0.50633
-0.82900        0.0000         0.51174
-0.82700        0.0000         0.51713
-0.82500        0.0000         0.52249
-0.82300        0.0000         0.52784
-0.82100        0.0000         0.53317
-0.81900        0.0000         0.53847
-0.81700        0.0000         0.54376
-0.81500        0.0000         0.54902
-0.81300        0.0000         0.55426
-0.81100        0.0000         0.55948
-0.80900        0.0000         0.56468
-0.80700        0.0000         0.56985
-0.80500        0.0000         0.57500
-0.80300        0.0000         0.58013
-0.80100        0.0000         0.58524
-0.79900        0.0000         0.59032
-0.79700        0.0000         0.59538
-0.79500        0.0000         0.60042
-0.79300        0.0000         0.60543
-0.79100        0.0000         0.61042
-0.78900        0.0000         0.61538
-0.78700        0.0000         0.62032
-0.78500        0.0000         0.62524
-0.78300        0.0000         0.63013
-0.78100        0.0000         0.63500
-0.77900        0.0000         0.63984
-0.77700        0.0000         0.64466
-0.77500        0.0000         0.64945
-0.77300        0.0000         0.65421
-0.77100        0.0000         0.65895
-0.76900        0.0000         0.66366
-0.76700        0.0000         0.66835
-0.76500        0.0000         0.67301
-0.76300        0.0000         0.67764
-0.76100        0.0000         0.68225
-0.75900        0.0000         0.68683
-0.75700        0.0000         0.69139
-0.75500        0.0000         0.69591
-0.75300        0.0000         0.70041
-0.75100        0.0000         0.70488
-0.74900        0.0000         0.70932
-0.74700        0.0000         0.71374
-0.74500        0.0000         0.71812
-0.74300        0.0000         0.72248
-0.74100        0.0000         0.72681
-0.73900        0.0000         0.73111
-0.73700        0.0000         0.73539
-0.73500        0.0000         0.73963
-0.73300        0.0000         0.74384
-0.73100        0.0000         0.74803
-0.72900        0.0000         0.75218
-0.72700        0.0000         0.75631
-0.72500        0.0000         0.76040
-0.72300        0.0000         0.76447
-0.72100        0.0000         0.76850
-0.71900        0.0000         0.77251
-0.71700        0.0000         0.77648
-0.71500        0.0000         0.78043
-0.71300        0.0000         0.78434
-0.71100        0.0000         0.78822
-0.70900        0.0000         0.79207
-0.70700        0.0000         0.79589
-0.70500        0.0000         0.79968
-0.70300        0.0000         0.80344
-0.70100        0.0000         0.80716
-0.69900        0.0000         0.81086
-0.69700        0.0000         0.81452
-0.69500        0.0000         0.81815
-0.69300        0.0000         0.82174
-0.69100        0.0000         0.82531
-0.68900        0.0000         0.82884
-0.68700        0.0000         0.83234
-0.68500        0.0000         0.83580
-0.68300        0.0000         0.83924
-0.68100        0.0000         0.84264
-0.67900        0.0000         0.84600
-0.67700        0.0000         0.84934
-0.67500        0.0000         0.85264
-0.67300        0.0000         0.85590
-0.67100        0.0000         0.85914
-0.66900        0.0000         0.86233
-0.66700        0.0000         0.86550
-0.66500        0.0000         0.86863
-0.66300        0.0000         0.87172
-0.66100        0.0000         0.87479
-0.65900        0.0000         0.87781
-0.65700        0.0000         0.88081
-0.65500        0.0000         0.88376
-0.65300        0.0000         0.88669
-0.65100        0.0000         0.88957
-0.64900        0.0000         0.89243
-0.64700        0.0000         0.89524
-0.64500        0.0000         0.89802
-0.64300        0.0000         0.90077
-0.64100        0.0000         0.90348
-0.63900        0.0000         0.90616
-0.63700        0.0000         0.90880
-0.63500        0.0000         0.91140
-0.63300        0.0000         0.91397
-0.63100        0.0000         0.91650
-0.62900        0.0000         0.91900
-0.62700        0.0000         0.92145
-0.62500        0.0000         0.92388
-0.62300        0.0000         0.92626
-0.62100        0.0000         0.92861
-0.61900        0.0000         0.93093
-0.61700        0.0000         0.93320
-0.61500        0.0000         0.93544
-0.61300        0.0000         0.93764
-0.61100        0.0000         0.93981
-0.60900        0.0000         0.94194
-0.60700        0.0000         0.94403
-0.60500        0.0000         0.94608
-0.60300        0.0000         0.94810
-0.60100        0.0000         0.95008
-0.59900        0.0000         0.95202
-0.59700        0.0000         0.95393
-0.59500        0.0000         0.95579
-0.59300        0.0000         0.95762
-0.59100        0.0000         0.95941
-0.58900        0.0000         0.96116
-0.58700        0.0000         0.96288
-0.58500        0.0000         0.96456
-0.58300        0.0000         0.96619
-0.58100        0.0000         0.96780
-0.57900        0.0000         0.96936
-0.57700        0.0000         0.97088
-0.57500        0.0000         0.97237
-0.57300        0.0000         0.97382
-0.57100        0.0000         0.97523
-0.56900        0.0000         0.97660
-0.56700        0.0000         0.97793
-0.56500        0.0000         0.97922
-0.56300        0.0000         0.98048
-0.56100        0.0000         0.98169
-0.55900        0.0000         0.98287
-0.55700        0.0000         0.98401
-0.55500        0.0000         0.98511
-0.55300        0.0000         0.98617
-0.55100        0.0000         0.98719
-0.54900        0.0000         0.98817
-0.54700        0.0000         0.98912
-0.54500        0.0000         0.99002
-0.54300        0.0000         0.99089
-0.54100        0.0000         0.99172
-0.53900        0.0000         0.99250
-0.53700        0.0000         0.99325
-0.53500        0.0000         0.99396
-0.53300        0.0000         0.99463
-0.53100        0.0000         0.99526
-0.52900        0.0000         0.99585
-0.52700        0.0000         0.99640
-0.52500        0.0000         0.99692
-0.52300        0.0000         0.99739
-0.52100        0.0000         0.99782
-0.51900        0.0000         0.99822
-0.51700        0.0000         0.99857
-0.51500        0.0000         0.99889
-0.51300        0.0000         0.99917
-0.51100        0.0000         0.99940
-0.50900        0.0000         0.99960
-0.50700        0.0000         0.99976
-0.50500        0.0000         0.99988
-0.50300        0.0000         0.99996
-0.50100        0.0000         0.99999
-0.49900        0.0000         1.0000
-0.49700        0.0000         0.99996
-0.49500        0.0000         0.99988
-0.49300        0.0000         0.99976
-0.49100        0.0000         0.99960
-0.48900        0.0000         0.99940
-0.48700        0.0000         0.99917
-0.48500        0.0000         0.99889
-0.48300        0.0000         0.99857
-0.48100        0.0000         0.99822
-0.47900        0.0000         0.99782
-0.47700        0.0000         0.99739
-0.47500        0.0000         0.99692
-0.47300        0.0000         0.99641
-0.47100        0.0000         0.99585
-0.46900        0.0000         0.99526
-0.46700        0.0000         0.99463
-0.46500        0.0000         0.99396
-0.46300        0.0000         0.99325
-0.46100        0.0000         0.99250
-0.45900        0.0000         0.99172
-0.45700        0.0000         0.99089
-0.45500        0.0000         0.99002
-0.45300        0.0000         0.98912
-0.45100        0.0000         0.98818
-0.44900        0.0000         0.98719
-0.44700        0.0000         0.98617
-0.44500        0.0000         0.98511
-0.44300        0.0000         0.98401
-0.44100        0.0000         0.98287
-0.43900        0.0000         0.98169
-0.43700        0.0000         0.98048
-0.43500        0.0000         0.97922
-0.43300        0.0000         0.97793
-0.43100        0.0000         0.97660
-0.42900        0.0000         0.97523
-0.42700        0.0000         0.97382
-0.42500        0.0000         0.97237
-0.42300        0.0000         0.97089
-0.42100        0.0000         0.96936
-0.41900        0.0000         0.96780
-0.41700        0.0000         0.96620
-0.41500        0.0000         0.96456
-0.41300        0.0000         0.96288
-0.41100        0.0000         0.96117
-0.40900        0.0000         0.95941
-0.40700        0.0000         0.95762
-0.40500        0.0000         0.95580
-0.40300        0.0000         0.95393
-0.40100        0.0000         0.95202
-0.39900        0.0000         0.95008
-0.39700        0.0000         0.94810
-0.39500        0.0000         0.94609
-0.39300        0.0000         0.94403
-0.39100        0.0000         0.94194
-0.38900        0.0000         0.93981
-0.38700        0.0000         0.93765
-0.38500        0.0000         0.93545
-0.38300        0.0000         0.93321
-0.38100        0.0000         0.93093
-0.37900        0.0000         0.92862
-0.37700        0.0000         0.92627
-0.37500        0.0000         0.92388
-0.37300        0.0000         0.92146
-0.37100        0.0000         0.91900
-0.36900        0.0000         0.91650
-0.36700        0.0000         0.91397
-0.36500        0.0000         0.91141
-0.36300        0.0000         0.90880
-0.36100        0.0000         0.90616
-0.35900        0.0000         0.90349
-0.35700        0.0000         0.90078
-0.35500        0.0000         0.89803
-0.35300        0.0000         0.89525
-0.35100        0.0000         0.89243
-0.34900        0.0000         0.88958
-0.34700        0.0000         0.88669
-0.34500        0.0000         0.88377
-0.34300        0.0000         0.88081
-0.34100        0.0000         0.87782
-0.33900        0.0000         0.87479
-0.33700        0.0000         0.87173
-0.33500        0.0000         0.86863
-0.33300        0.0000         0.86550
-0.33100        0.0000         0.86234
-0.32900        0.0000         0.85914
-0.32700        0.0000         0.85591
-0.32500        0.0000         0.85264
-0.32300        0.0000         0.84934
-0.32100        0.0000         0.84601
-0.31900        0.0000         0.84264
-0.31700        0.0000         0.83924
-0.31500        0.0000         0.83581
-0.31300        0.0000         0.83234
-0.31100        0.0000         0.82884
-0.30900        0.0000         0.82531
-0.30700        0.0000         0.82175
-0.30500        0.0000         0.81815
-0.30300        0.0000         0.81452
-0.30100        0.0000         0.81086
-0.29900        0.0000         0.80717
-0.29700        0.0000         0.80344
-0.29500        0.0000         0.79969
-0.29300        0.0000         0.79590
-0.29100        0.0000         0.79208
-0.28900        0.0000         0.78823
-0.28700        0.0000         0.78435
-0.28500        0.0000         0.78043
-0.28300        0.0000         0.77649
-0.28100        0.0000         0.77252
-0.27900        0.0000         0.76851
-0.27700        0.0000         0.76447
-0.27500        0.0000         0.76041
-0.27300        0.0000         0.75631
-0.27100        0.0000         0.75219
-0.26900        0.0000         0.74803
-0.26700        0.0000         0.74385
-0.26500        0.0000         0.73964
-0.26300        0.0000         0.73539
-0.26100        0.0000         0.73112
-0.25900        0.0000         0.72682
-0.25700        0.0000         0.72249
-0.25500        0.0000         0.71813
-0.25300        0.0000         0.71374
-0.25100        0.0000         0.70933
-0.24900        0.0000         0.70489
-0.24700        0.0000         0.70042
-0.24500        0.0000         0.69592
-0.24300        0.0000         0.69139
-0.24100        0.0000         0.68684
-0.23900        0.0000         0.68226
-0.23700        0.0000         0.67765
-0.23500        0.0000         0.67301
-0.23300        0.0000         0.66835
-0.23100        0.0000         0.66367
-0.22900        0.0000         0.65896
-0.22700        0.0000         0.65422
-0.22500        0.0000         0.64945
-0.22300        0.0000         0.64466
-0.22100        0.0000         0.63985
-0.21900        0.0000         0.63500
-0.21700        0.0000         0.63014
-0.21500        0.0000         0.62524
-0.21300        0.0000         0.62033
-0.21100        0.0000         0.61539
-0.20900        0.0000         0.61043
-0.20700        0.0000         0.60544
-0.20500        0.0000         0.60042
-0.20300        0.0000         0.59539
-0.20100        0.0000         0.59033
-0.19900        0.0000         0.58524
-0.19700        0.0000         0.58014
-0.19500        0.0000         0.57501
-0.19300        0.0000         0.56986
-0.19100        0.0000         0.56468
-0.18900        0.0000         0.55949
-0.18700        0.0000         0.55427
-0.18500        0.0000         0.54903
-0.18300        0.0000         0.54376
-0.18100        0.0000         0.53848
-0.17900        0.0000         0.53317
-0.17700        0.0000         0.52785
-0.17500        0.0000         0.52250
-0.17300        0.0000         0.51713
-0.17100        0.0000         0.51175
-0.16900        0.0000         0.50634
-0.16700        0.0000         0.50091
-0.16500        0.0000         0.49546
-0.16300        0.0000         0.49000
-0.16100        0.0000         0.48451
-0.15900        0.0000         0.47900
-0.15700        0.0000         0.47347
-0.15500        0.0000         0.46793
-0.15300        0.0000         0.46237
-0.15100        0.0000         0.45679
-0.14900        0.0000         0.45119
-0.14700        0.0000         0.44558
-0.14500        0.0000         0.43994
-0.14300        0.0000         0.43429
-0.14100        0.0000         0.42862
-0.13900        0.0000         0.42294
-0.13700        0.0000         0.41723
-0.13500        0.0000         0.41151
-0.13300        0.0000         0.40578
-0.13100        0.0000         0.40003
-0.12900        0.0000         0.39427
-0.12700        0.0000         0.38848
-0.12500        0.0000         0.38269
-0.12300        0.0000         0.37687
-0.12100        0.0000         0.37105
-0.11900        0.0000         0.36520
-0.11700        0.0000         0.35935
-0.11500        0.0000         0.35348
-0.11300        0.0000         0.34759
-0.11100        0.0000         0.34169
-0.10900        0.0000         0.33578
-0.10700        0.0000         0.32986
-0.10500        0.0000         0.32392
-0.10300        0.0000         0.31797
-0.10100        0.0000         0.31201
-0.099000       0.0000         0.30603
-0.097000       0.0000         0.30004
-0.095000       0.0000         0.29404
-0.093000       0.0000         0.28803
-0.091000       0.0000         0.28201
-0.089000       0.0000         0.27598
-0.087000       0.0000         0.26993
-0.085000       0.0000         0.26388
-0.083000       0.0000         0.25781
-0.081000       0.0000         0.25173
-0.079000       0.0000         0.24565
-0.077000       0.0000         0.23955
-0.075000       0.0000         0.23344
-0.073000       0.0000         0.22733
-0.071000       0.0000         0.22121
-0.069000       0.0000         0.21508
-0.067000       0.0000         0.20894
-0.065000       0.0000         0.20279
-0.063000       0.0000         0.19663
-0.061000       0.0000         0.19047
-0.059000       0.0000         0.18429
-0.057000       0.0000         0.17811
-0.055000       0.0000         0.17193
-0.053000       0.0000         0.16574
-0.051000       0.0000         0.15954
-0.049000       0.0000         0.15333
-0.047000       0.0000         0.14712
-0.045000       0.0000         0.14090
-0.043000       0.0000         0.13468
-0.041000       0.0000         0.12845
-0.039000       0.0000         0.12222
-0.037000       0.0000         0.11598
-0.035000       0.0000         0.10973
-0.033000       0.0000         0.10349
-0.031000       0.0000         0.097236
-0.029000       0.0000         0.090981
-0.027000       0.0000         0.084723
-0.025000       0.0000         0.078462
-0.023000       0.0000         0.072196
-0.021000       0.0000         0.065927
-0.019000       0.0000         0.059654
-0.017000       0.0000         0.053380
-0.015000       0.0000         0.047105
-0.013000       0.0000         0.040828
-0.011000       0.0000         0.034550
-0.0090000      0.0000         0.028271
-0.0070000      0.0000         0.021991
-0.0050000      0.0000         0.015709
-0.0030000      0.0000         0.0094265
-0.0010000      0.0000         0.0031425
0.0010000       0.0000         -0.0031425
0.0030000       0.0000         -0.0094265
0.0050000       0.0000         -0.015709
0.0070000       0.0000         -0.021991
0.0090000       0.0000         -0.028271
0.011000        0.0000         -0.034550
0.013000        0.0000         -0.040828
0.015000        0.0000         -0.047105
0.017000        0.0000         -0.053380
0.019000        0.0000         -0.059654
0.021000        0.0000         -0.065927
0.023000        0.0000         -0.072196
0.025000        0.0000         -0.078462
0.027000        0.0000         -0.084723
0.029000        0.0000         -0.090981
0.031000        0.0000         -0.097236
0.033000        0.0000         -0.10349
0.035000        0.0000         -0.10973
0.037000        0.0000         -0.11598
0.039000        0.0000         -0.12222
0.041000        0.0000         -0.12845
0.043000        0.0000         -0.13468
0.045000        0.0000         -0.14090
0.047000        0.0000         -0.14712
0.049000        0.0000         -0.15333
0.051000        0.0000         -0.15954
0.053000        0.0000         -0.16574
0.055000        0.0000         -0.17193
0.057000        0.0000         -0.17811
0.059000        0.0000         -0.18429
0.061000        0.0000         -0.19047
0.063000        0.0000         -0.19663
0.065000        0.0000         -0.20279
0.067000        0.0000         -0.20894
0.069000        0.0000         -0.21508
0.071000        0.0000         -0.22121
0.073000        0.0000         -0.22733
0.075000        0.0000         -0.23344
0.077000        0.0000         -0.23955
0.079000        0.0000         -0.24565
0.081000        0.0000         -0.25173
0.083000        0.0000         -0.25781
0.085000        0.0000         -0.26388
0.087000        0.0000         -0.26993
0.089000        0.0000         -0.27598
0.091000        0.0000         -0.28201
0.093000        0.0000         -0.28803
0.095000        0.0000         -0.29404
0.097000        0.0000         -0.30004
0.099000        0.0000         -0.30603
0.10100         0.0000         -0.31201
0.10300         0.0000         -0.31797
0.10500         0.0000         -0.32392
0.10700         0.0000         -0.32986
0.10900         0.0000         -0.33578
0.11100         0.0000         -0.34169
0.11300         0.0000         -0.34759
0.11500         0.0000         -0.35348
0.11700         0.0000         -0.35935
0.11900         0.0000         -0.36520
0.12100         0.0000         -0.37105
0.12300         0.0000         -0.37687
0.12500         0.0000         -0.38269
0.12700         0.0000         -0.38848
0.12900         0.0000         -0.39427
0.13100         0.0000         -0.40003
0.13300         0.0000         -0.40578
0.13500         0.0000         -0.41151
0.13700         0.0000         -0.41723
0.13900         0.0000         -0.42294
0.14100         0.0000         -0.42862
0.14300         0.0000         -0.43429
0.14500         0.0000         -0.43994
0.14700         0.0000         -0.44558
0.14900         0.0000         -0.45119
0.15100         0.0000         -0.45679
0.15300         0.0000         -0.46237
0.15500         0.0000         -0.46793
0.15700         0.0000         -0.47347
0.15900         0.0000         -0.47900
0.16100         0.0000         -0.48451
0.16300         0.0000         -0.49000
0.16500         0.0000         -0.49546
0.16700         0.0000         -0.50091
0.16900         0.0000         -0.50634
0.17100         0.0000         -0.51175
0.17300         0.0000         -0.51713
0.17500         0.0000         -0.52250
0.17700         0.0000         -0.52785
0.17900         0.0000         -0.53317
0.18100         0.0000         -0.53848
0.18300         0.0000         -0.54376
0.18500         0.0000         -0.54903
0.18700         0.0000         -0.55427
0.18900         0.0000         -0.55949
0.19100         0.0000         -0.56468
0.19300         0.0000         -0.56986
0.19500         0.0000         -0.57501
0.19700         0.0000         -0.58014
0.19900         0.0000         -0.58524
0.20100         0.0000         -0.59033
0.20300         0.0000         -0.59539
0.20500         0.0000         -0.60042
0.20700         0.0000         -0.60544
0.20900         0.0000         -0.61043
0.21100         0.0000         -0.61539
0.21300         0.0000         -0.62033
0.21500         0.0000         -0.62524
0.21700         0.0000         -0.63014
0.21900         0.0000         -0.63500
0.22100         0.0000         -0.63985
0.22300         0.0000         -0.64466
0.22500         0.0000         -0.64945
0.22700         0.0000         -0.65422
0.22900         0.0000         -0.65896
0.23100         0.0000         -0.66367
0.23300         0.0000         -0.66835
0.23500         0.0000         -0.67301
0.23700         0.0000         -0.67765
0.23900         0.0000         -0.68226
0.24100         0.0000         -0.68684
0.24300         0.0000         -0.69139
0.24500         0.0000         -0.69592
0.24700         0.0000         -0.70042
0.24900         0.0000         -0.70489
0.25100         0.0000         -0.70933
0.25300         0.0000         -0.71374
0.25500         0.0000         -0.71813
0.25700         0.0000         -0.72249
0.25900         0.0000         -0.72682
0.26100         0.0000         -0.73112
0.26300         0.0000         -0.73539
0.26500         0.0000         -0.73964
0.26700         0.0000         -0.74385
0.26900         0.0000         -0.74803
0.27100         0.0000         -0.75219
0.27300         0.0000         -0.75631
0.27500         0.0000         -0.76041
0.27700         0.0000         -0.76447
0.27900         0.0000         -0.76851
0.28100         0.0000         -0.77252
0.28300         0.0000         -0.77649
0.28500         0.0000         -0.78043
0.28700         0.0000         -0.78435
0.28900         0.0000         -0.78823
0.29100         0.0000         -0.79208
0.29300         0.0000         -0.79590
0.29500         0.0000         -0.79969
0.29700         0.0000         -0.80344
0.29900         0.0000         -0.80717
0.30100         0.0000         -0.81086
0.30300         0.0000         -0.81452
0.30500         0.0000         -0.81815
0.30700         0.0000         -0.82175
0.30900         0.0000         -0.82531
0.31100         0.0000         -0.82884
0.31300         0.0000         -0.83234
0.31500         0.0000         -0.83581
0.31700         0.0000         -0.83924
0.31900         0.0000         -0.84264
0.32100         0.0000         -0.84601
0.32300         0.0000         -0.84934
0.32500         0.0000         -0.85264
0.32700         0.0000         -0.85591
0.32900         0.0000         -0.85914
0.33100         0.0000         -0.86234
0.33300         0.0000         -0.86550
0.33500         0.0000         -0.86863
0.33700         0.0000         -0.87173
0.33900         0.0000         -0.87479
0.34100         0.0000         -0.87782
0.34300         0.0000         -0.88081
0.34500         0.0000         -0.88377
0.34700         0.0000         -0.88669
0.34900         0.0000         -0.88958
0.35100         0.0000         -0.89243
0.35300         0.0000         -0.89525
0.35500         0.0000         -0.89803
0.35700         0.0000         -0.90078
0.35900         0.0000         -0.90349
0.36100         0.0000         -0.90616
0.36300         0.0000         -0.90880
0.36500         0.0000         -0.91141
0.36700         0.0000         -0.91397
0.36900         0.0000         -0.91650
0.37100         0.0000         -0.91900
0.37300         0.0000         -0.92146
0.37500         0.0000         -0.92388
0.37700         0.0000         -0.92627
0.37900         0.0000         -0.92862
0.38100         0.0000         -0.93093
0.38300         0.0000         -0.93321
0.38500         0.0000         -0.93545
0.38700         0.0000         -0.93765
0.38900         0.0000         -0.93981
0.39100         0.0000         -0.94194
0.39300         0.0000         -0.94403
0.39500         0.0000         -0.94609
0.39700         0.0000         -0.94810
0.39900         0.0000         -0.95008
0.40100         0.0000         -0.95202
0.40300         0.0000         -0.95393
0.40500         0.0000         -0.95580
0.40700         0.0000         -0.95762
0.40900         0.0000         -0.95941
0.41100         0.0000         -0.96117
0.41300         0.0000         -0.96288
0.41500         0.0000         -0.96456
0.41700         0.0000         -0.96620
0.41900         0.0000         -0.96780
0.42100         0.0000         -0.96936
0.42300         0.0000         -0.97089
0.42500         0.0000         -0.97237
0.42700         0.0000         -0.97382
0.42900         0.0000         -0.97523
0.43100         0.0000         -0.97660
0.43300         0.0000         -0.97793
0.43500         0.0000         -0.97922
0.43700         0.0000         -0.98048
0.43900         0.0000         -0.98169
0.44100         0.0000         -0.98287
0.44300         0.0000         -0.98401
0.44500         0.0000         -0.98511
0.44700         0.0000         -0.98617
0.44900         0.0000         -0.98719
0.45100         0.0000         -0.98818
0.45300         0.0000         -0.98912
0.45500         0.0000         -0.99002
0.45700         0.0000         -0.99089
0.45900         0.0000         -0.99172
0.46100         0.0000         -0.99250
0.46300         0.0000         -0.99325
0.46500         0.0000         -0.99396
0.46700         0.0000         -0.99463
0.46900         0.0000         -0.99526
0.47100         0.0000         -0.99585
0.47300         0.0000         -0.99641
0.47500         0.0000         -0.99692
0.47700         0.0000         -0.99739
0.47900         0.0000         -0.99782
0.48100         0.0000         -0.99822
0.48300         0.0000         -0.99857
0.48500         0.0000         -0.99889
0.48700         0.0000         -0.99917
0.48900         0.0000         -0.99940
0.49100         0.0000         -0.99960
0.49300         0.0000         -0.99976
0.49500         0.0000         -0.99988
0.49700         0.0000         -0.99996
0.49900         0.0000         -1.0000
0.50100         0.0000         -0.99999
0.50300         0.0000         -0.99996
0.50500         0.0000         -0.99988
0.50700         0.0000         -0.99976
0.50900         0.0000         -0.99960
0.51100         0.0000         -0.99940
0.51300         0.0000         -0.99917
0.51500         0.0000         -0.99889
0.51700         0.0000         -0.99857
0.51900         0.0000         -0.99822
0.52100         0.0000         -0.99782
0.52300         0.0000         -0.99739
0.52500         0.0000         -0.99692
0.52700         0.0000         -0.99640
0.52900         0.0000         -0.99585
0.53100         0.0000         -0.99526
0.53300         0.0000         -0.99463
0.53500         0.0000         -0.99396
0.53700         0.0000         -0.99325
0.53900         0.0000         -0.99250
0.54100         0.0000         -0.99172
0.54300         0.0000         -0.99089
0.54500         0.0000         -0.99002
0.54700         0.0000         -0.98912
0.54900         0.0000         -0.98817
0.55100         0.0000         -0.98719
0.55300         0.0000         -0.98617
0.55500         0.0000         -0.98511
0.55700         0.0000         -0.98401
0.55900         0.0000         -0.98287
0.56100         0.0000         -0.98169
0.56300         0.0000         -0.98048
0.56500         0.0000         -0.97922
0.56700         0.0000         -0.97793
0.56900         0.0000         -0.97660
0.57100         0.0000         -0.97523
0.57300         0.0000         -0.97382
0.57500         0.0000         -0.97237
0.57700         0.0000         -0.97088
0.57900         0.0000         -0.96936
0.58100         0.0000         -0.96780
0.58300         0.0000         -0.96619
0.58500         0.0000         -0.96456
0.58700         0.0000         -0.96288
0.58900         0.0000         -0.96116
0.59100         0.0000         -0.95941
0.59300         0.0000         -0.95762
0.59500         0.0000         -0.95579
0.59700         0.0000         -0.95393
0.59900         0.0000         -0.95202
0.60100         0.0000         -0.95008
0.60300         0.0000         -0.94810
0.60500         0.0000         -0.94608
0.60700         0.0000         -0.94403
0.60900         0.0000         -0.94194
0.61100         0.0000         -0.93981
0.61300         0.0000         -0.93764
0.61500         0.0000         -0.93544
0.61700         0.0000         -0.93320
0.61900         0.0000         -0.93093
0.62100         0.0000         -0.92861
0.62300         0.0000         -0.92626
0.62500         0.0000         -0.92388
0.62700         0.0000         -0.92145
0.62900         0.0000         -0.91900
0.63100         0.0000         -0.91650
0.63300         0.0000         -0.91397
0.63500         0.0000         -0.91140
0.63700         0.0000         -0.90880
0.63900         0.0000         -0.90616
0.64100         0.0000         -0.90348
0.64300         0.0000         -0.90077
0.64500         0.0000         -0.89802
0.64700         0.0000         -0.89524
0.64900         0.0000         -0.89243
0.65100         0.0000         -0.88957
0.65300         0.0000         -0.88669
0.65500         0.0000         -0.88376
0.65700         0.0000         -0.88081
0.65900         0.0000         -0.87781
0.66100         0.0000         -0.87479
0.66300         0.0000         -0.87172
0.66500         0.0000         -0.86863
0.66700         0.0000         -0.86550
0.66900         0.0000         -0.86233
0.67100         0.0000         -0.85914
0.67300         0.0000         -0.85590
0.67500         0.0000         -0.85264
0.67700         0.0000         -0.84934
0.67900         0.0000         -0.84600
0.68100         0.0000         -0.84264
0.68300         0.0000         -0.83924
0.68500         0.0000         -0.83580
0.68700         0.0000         -0.83234
0.68900         0.0000         -0.82884
0.69100         0.0000         -0.82531
0.69300         0.0000         -0.82174
0.69500         0.0000         -0.81815
0.69700         0.0000         -0.81452
0.69900         0.0000         -0.81086
0.70100         0.0000         -0.80716
0.70300         0.0000         -0.80344
0.70500         0.0000         -0.79968
0.70700         0.0000         -0.79589
0.70900         0.0000         -0.79207
0.71100         0.0000         -0.78822
0.71300         0.0000         -0.78434
0.71500         0.0000         -0.78043
0.71700         0.0000         -0.77648
0.71900         0.0000         -0.77251
0.72100         0.0000         -0.76850
0.72300         0.0000         -0.76447
0.72500         0.0000         -0.76040
0.72700         0.0000         -0.75631
0.72900         0.0000         -0.75218
0.73100         0.0000         -0.74803
0.73300         0.0000         -0.74384
0.73500         0.0000         -0.73963
0.73700         0.0000         -0.73539
0.73900         0.0000         -0.73111
0.74100         0.0000         -0.72681
0.74300         0.0000         -0.72248
0.74500         0.0000         -0.71812
0.74700         0.0000         -0.71374
0.74900         0.0000         -0.70932
0.75100         0.0000         -0.70488
0.75300         0.0000         -0.70041
0.75500         0.0000         -0.69591
0.75700         0.0000         -0.69139
0.75900         0.0000         -0.68683
0.76100         0.0000         -0.68225
0.76300         0.0000         -0.67764
0.76500         0.0000         -0.67301
0.76700         0.0000         -0.66835
0.76900         0.0000         -0.66366
0.77100         0.0000         -0.65895
0.77300         0.0000         -0.65421
0.77500         0.0000         -0.64945
0.77700         0.0000         -0.64466
0.77900         0.0000         -0.63984
0.78100         0.0000         -0.63500
0.78300         0.0000         -0.63013
0.78500         0.0000         -0.62524
0.78700         0.0000         -0.62032
0.78900         0.0000         -0.61538
0.79100         0.0000         -0.61042
0.79300         0.0000         -0.60543
0.79500         0.0000         -0.60042
0.79700         0.0000         -0.59538
0.79900         0.0000         -0.59032
0.80100         0.0000         -0.58524
0.80300         0.0000         -0.58013
0.80500         0.0000         -0.57500
0.80700         0.0000         -0.56985
0.80900         0.0000         -0.56468
0.81100         0.0000         -0.55948
0.81300         0.0000         -0.55426
0.81500         0.0000         -0.54902
0.81700         0.0000         -0.54376
0.81900         0.0000         -0.53847
0.82100         0.0000         -0.53317
0.82300         0.0000         -0.52784
0.82500         0.0000         -0.52249
0.82700         0.0000         -0.51713
0.82900         0.0000         -0.51174
0.83100         0.0000         -0.50633
0.83300         0.0000         -0.50091
0.83500         0.0000         -0.49546
0.83700         0.0000         -0.48999
0.83900         0.0000         -0.48450
0.84100         0.0000         -0.47899
0.84300         0.0000         -0.47347
0.84500         0.0000         -0.46793
0.84700         0.0000         -0.46236
0.84900         0.0000         -0.45678
0.85100         0.0000         -0.45119
0.85300         0.0000         -0.44557
0.85500         0.0000         -0.43994
0.85700         0.0000         -0.43429
0.85900         0.0000         -0.42862
0.86100         0.0000         -0.42293
0.86300         0.0000         -0.41723
0.86500         0.0000         -0.41151
0.86700         0.0000         -0.40578
0.86900         0.0000         -0.40003
0.87100         0.0000         -0.39426
0.87300         0.0000         -0.38848
0.87500         0.0000         -0.38268
0.87700         0.0000         -0.37687
0.87900         0.0000         -0.37104
0.88100         0.0000         -0.36520
0.88300         0.0000         -0.35934
0.88500         0.0000         -0.35347
0.88700         0.0000         -0.34759
0.88900         0.0000         -0.34169
0.89100         0.0000         -0.33578
0.89300         0.0000         -0.32985
0.89500         0.0000         -0.32392
0.89700         0.0000         -0.31797
0.89900         0.0000         -0.31200
0.90100         0.0000         -0.30602
0.90300         0.0000         -0.30004
0.90500         0.0000         -0.29404
0.90700         0.0000         -0.28803
0.90900         0.0000         -0.28200
0.91100         0.0000         -0.27597
0.91300         0.0000         -0.26993
0.91500         0.0000         -0.26387
0.91700         0.0000         -0.25781
0.91900         0.0000         -0.25173
0.92100         0.0000         -0.24564
0.92300         0.0000         -0.23955
0.92500         0.0000         -0.23344
0.92700         0.0000         -0.22733
0.92900         0.0000         -0.22121
0.93100         0.0000         -0.21508
0.93300         0.0000         -0.20894
0.93500         0.0000         -0.20279
0.93700         0.0000         -0.19663
0.93900         0.0000         -0.19047
0.94100         0.0000         -0.18429
0.94300         0.0000         -0.17811
0.94500         0.0000         -0.17193
0.94700         0.0000         -0.16573
0.94900         0.0000         -0.15954
0.95100         0.0000         -0.15333
0.95300         0.0000         -0.14712
0.95500         0.0000         -0.14090
0.95700         0.0000         -0.13468
0.95900         0.0000         -0.12845
0.96100         0.0000         -0.12221
0.96300         0.0000         -0.11597
0.96500         0.0000         -0.10973
0.96700         0.0000         -0.10348
0.96900         0.0000         -0.097234
0.97100         0.0000         -0.090980
0.97300         0.0000         -0.084722
0.97500         0.0000         -0.078461
0.97700         0.0000         -0.072195
0.97900         0.0000         -0.065926
0.98100         0.0000         -0.059654
0.98300         0.0000         -0.053380
0.98500         0.0000         -0.047104
0.98700         0.0000         -0.040828
0.98900         0.0000         -0.034550
0.99100         0.0000         -0.028271
0.99300         0.0000         -0.021991
0.99500         0.0000         -0.015709
0.99700         0.0000         -0.0094264
0.99900         0.0000         -0.0031425
