-0.99900        0.50000        0.0012045
-0.99700        0.50000        0.0036135
-0.99500        0.50000        0.0060224
-0.99300        0.50000        0.0084314
-0.99100        0.50000        0.010840
-0.98900        0.50000        0.013249
-0.98700        0.50000        0.015658
-0.98500        0.50000        0.018067
-0.98300        0.50000        0.020476
-0.98100        0.50000        0.022885
-0.97900        0.50000        0.025294
-0.97700        0.50000        0.027702
-0.97500        0.50000        0.030111
-0.97300        0.50000        0.032520
-0.97100        0.50000        0.034929
-0.96900        0.50000        0.037337
-0.96700        0.50000        0.039746
-0.96500        0.50000        0.042154
-0.96300        0.50000        0.044563
-0.96100        0.50000        0.046971
-0.95900        0.50000        0.049380
-0.95700        0.50000        0.051788
-0.95500        0.50000        0.054196
-0.95300        0.50000        0.056604
-0.95100        0.50000        0.059013
-0.94900        0.50000        0.061421
-0.94700        0.50000        0.063829
-0.94500        0.50000        0.066236
-0.94300        0.50000        0.068644
-0.94100        0.50000        0.071052
-0.93900        0.50000        0.073460
-0.93700        0.50000        0.075867
-0.93500        0.50000        0.078275
-0.93300        0.50000        0.080682
-0.93100        0.50000        0.083089
-0.92900        0.50000        0.085497
-0.92700        0.50000        0.087904
-0.92500        0.50000        0.090310
-0.92300        0.50000        0.092717
-0.92100        0.50000        0.095124
-0.91900        0.50000        0.097531
-0.91700        0.50000        0.099937
-0.91500        0.50000        0.10234
-0.91300        0.50000        0.10475
-0.91100        0.50000        0.10716
-0.90900        0.50000        0.10956
-0.90700        0.50000        0.11197
-0.90500        0.50000        0.11437
-0.90300        0.50000        0.11678
-0.90100        0.50000        0.11918
-0.89900        0.50000        0.12159
-0.89700        0.50000        0.12399
-0.89500        0.50000        0.12640
-0.89300        0.50000        0.12880
-0.89100        0.50000        0.13121
-0.88900        0.50000        0.13361
-0.88700        0.50000        0.13602
-0.88500        0.50000        0.13842
-0.88300        0.50000        0.14083
-0.88100        0.50000        0.14323
-0.87900        0.50000        0.14563
-0.87700        0.50000        0.14804
-0.87500        0.50000        0.15044
-0.87300        0.50000        0.15284
-0.87100        0.50000        0.15525
-0.86900        0.50000        0.15765
-0.86700        0.50000        0.16005
-0.86500        0.50000        0.16245
-0.86300        0.50000        0.16486
-0.86100        0.50000        0.16726
-0.85900        0.50000        0.16966
-0.85700        0.50000        0.17206
-0.85500        0.50000        0.17446
-0.85300        0.50000        0.17686
-0.85100        0.50000        0.17926
-0.84900        0.50000        0.18166
-0.84700        0.50000        0.18406
-0.84500        0.50000        0.18646
-0.84300        0.50000        0.18886
-0.84100        0.50000        0.19126
-0.83900        0.50000        0.19366
-0.83700        0.50000        0.19606
-0.83500        0.50000        0.19846
-0.83300        0.50000        0.20086
-0.83100        0.50000        0.20326
-0.82900        0.50000        0.20565
-0.82700        0.50000        0.20805
-0.82500        0.50000        0.21045
-0.82300        0.50000        0.21285
-0.82100        0.50000        0.21524
-0.81900        0.50000        0.21764
-0.81700        0.50000        0.22004
-0.81500        0.50000        0.22243
-0.81300        0.50000        0.22483
-0.81100        0.50000        0.22722
-0.80900        0.50000        0.22962
-0.80700        0.50000        0.23201
-0.80500        0.50000        0.23441
-0.80300        0.50000        0.23680
-0.80100        0.50000        0.23919
-0.79900        0.50000        0.24159
-0.79700        0.50000        0.24398
-0.79500        0.50000        0.24637
-0.79300        0.50000        0.24877
-0.79100        0.50000        0.25116
-0.78900        0.50000        0.25355
-0.78700        0.50000        0.25594
-0.78500        0.50000        0.25833
-0.78300        0.50000        0.26072
-0.78100        0.50000        0.26311
-0.77900        0.50000        0.26550
-0.77700        0.50000        0.26789
-0.77500        0.50000        0.27028
-0.77300        0.50000        0.27267
-0.77100        0.50000        0.27506
-0.76900        0.50000        0.27745
-0.76700        0.50000        0.27983
-0.76500        0.50000        0.28222
-0.76300        0.50000        0.28461
-0.76100        0.50000        0.28699
-0.75900        0.50000        0.28938
-0.75700        0.50000        0.29177
-0.75500        0.50000        0.29415
-0.75300        0.50000        0.29654
-0.75100        0.50000        0.29892
-0.74900        0.50000        0.30130
-0.74700        0.50000        0.30369
-0.74500        0.50000        0.30607
-0.74300        0.50000        0.30845
-0.74100        0.50000        0.31083
-0.73900        0.50000        0.31322
-0.73700        0.50000        0.31560
-0.73500        0.50000        0.31798
-0.73300        0.50000        0.32036
-0.73100        0.50000        0.32274
-0.72900        0.50000        0.32512
-0.72700        0.50000        0.32749
-0.72500        0.50000        0.32987
-0.72300        0.50000        0.33225
-0.72100        0.50000        0.33463
-0.71900        0.50000        0.33700
-0.71700        0.50000        0.33938
-0.71500        0.50000        0.34176
-0.71300        0.50000        0.34413
-0.71100        0.50000        0.34650
-0.70900        0.50000        0.34888
-0.70700        0.50000        0.35125
-0.70500        0.50000        0.35362
-0.70300        0.50000        0.35600
-0.70100        0.50000        0.35837
-0.69900        0.50000        0.36074
-0.69700        0.50000        0.36311
-0.69500        0.50000        0.36548
-0.69300        0.50000        0.36785
-0.69100        0.50000        0.37022
-0.68900        0.50000        0.37259
-0.68700        0.50000        0.37495
-0.68500        0.50000        0.37732
-0.68300        0.50000        0.37969
-0.68100        0.50000        0.38205
-0.67900        0.50000        0.38442
-0.67700        0.50000        0.38678
-0.67500        0.50000        0.38914
-0.67300        0.50000        0.39151
-0.67100        0.50000        0.39387
-0.66900        0.50000        0.39623
-0.66700        0.50000        0.39859
-0.66500        0.50000        0.40095
-0.66300        0.50000        0.40331
-0.66100        0.50000        0.40567
-0.65900        0.50000        0.40803
-0.65700        0.50000        0.41039
-0.65500        0.50000        0.41274
-0.65300        0.50000        0.41510
-0.65100        0.50000        0.41746
-0.64900        0.50000        0.41981
-0.64700        0.50000        0.42216
-0.64500        0.50000        0.42452
-0.64300        0.50000        0.42687
-0.64100        0.50000        0.42922
-0.63900        0.50000        0.43157
-0.63700        0.50000        0.43392
-0.63500        0.50000        0.43627
-0.63300        0.50000        0.43862
-0.63100        0.50000        0.44097
-0.62900        0.50000        0.44331
-0.62700        0.50000        0.44566
-0.62500        0.50000        0.44800
-0.62300        0.50000        0.45035
-0.62100        0.50000        0.45269
-0.61900        0.50000        0.45503
-0.61700        0.50000        0.45738
-0.61500        0.50000        0.45972
-0.61300        0.50000        0.46206
-0.61100        0.50000        0.46440
-0.60900        0.50000        0.46673
-0.60700        0.50000        0.46907
-0.60500        0.50000        0.47141
-0.60300        0.50000        0.47374
-0.60100        0.50000        0.47608
-0.59900        0.50000        0.47841
-0.59700        0.50000        0.48074
-0.59500        0.50000        0.48307
-0.59300        0.50000        0.48541
-0.59100        0.50000        0.48773
-0.58900        0.50000        0.49006
-0.58700        0.50000        0.49239
-0.58500        0.50000        0.49472
-0.58300        0.50000        0.49704
-0.58100        0.50000        0.49937
-0.57900        0.50000        0.50169
-0.57700        0.50000        0.50401
-0.57500        0.50000        0.50634
-0.57300        0.50000        0.50866
-0.57100        0.50000        0.51097
-0.56900        0.50000        0.51329
-0.56700        0.50000        0.51561
-0.56500        0.50000        0.51793
-0.56300        0.50000        0.52024
-0.56100        0.50000        0.52255
-0.55900        0.50000        0.52487
-0.55700        0.50000        0.52718
-0.55500        0.50000        0.52949
-0.55300        0.50000        0.53180
-0.55100        0.50000        0.53411
-0.54900        0.50000        0.53641
-0.54700        0.50000        0.53872
-0.54500        0.50000        0.54102
-0.54300        0.50000        0.54332
-0.54100        0.50000        0.54563
-0.53900        0.50000        0.54793
-0.53700        0.50000        0.55023
-0.53500        0.50000        0.55252
-0.53300        0.50000        0.55482
-0.53100        0.50000        0.55712
-0.52900        0.50000        0.55941
-0.52700        0.50000        0.56170
-0.52500        0.50000        0.56399
-0.52300        0.50000        0.56628
-0.52100        0.50000        0.56857
-0.51900        0.50000        0.57086
-0.51700        0.50000        0.57314
-0.51500        0.50000        0.57543
-0.51300        0.50000        0.57771
-0.51100        0.50000        0.57999
-0.50900        0.50000        0.58227
-0.50700        0.50000        0.58455
-0.50500        0.50000        0.58683
-0.50300        0.50000        0.58910
-0.50100        0.50000        0.59138
-0.49900        0.50000        0.59365
-0.49700        0.50000        0.59592
-0.49500        0.50000        0.59819
-0.49300        0.50000        0.60046
-0.49100        0.50000        0.60273
-0.48900        0.50000        0.60499
-0.48700        0.50000        0.60725
-0.48500        0.50000        0.60951
-0.48300        0.50000        0.61177
-0.48100        0.50000        0.61403
-0.47900        0.50000        0.61629
-0.47700        0.50000        0.61854
-0.47500        0.50000        0.62080
-0.47300        0.50000        0.62305
-0.47100        0.50000        0.62530
-0.46900        0.50000        0.62754
-0.46700        0.50000        0.62979
-0.46500        0.50000        0.63203
-0.46300        0.50000        0.63428
-0.46100        0.50000        0.63652
-0.45900        0.50000        0.63876
-0.45700        0.50000        0.64099
-0.45500        0.50000        0.64323
-0.45300        0.50000        0.64546
-0.45100        0.50000        0.64769
-0.44900        0.50000        0.64992
-0.44700        0.50000        0.65215
-0.44500        0.50000        0.65437
-0.44300        0.50000        0.65660
-0.44100        0.50000        0.65882
-0.43900        0.50000        0.66104
-0.43700        0.50000        0.66325
-0.43500        0.50000        0.66547
-0.43300        0.50000        0.66768
-0.43100        0.50000        0.66989
-0.42900        0.50000        0.67210
-0.42700        0.50000        0.67430
-0.42500        0.50000        0.67651
-0.42300        0.50000        0.67871
-0.42100        0.50000        0.68091
-0.41900        0.50000        0.68311
-0.41700        0.50000        0.68530
-0.41500        0.50000        0.68749
-0.41300        0.50000        0.68968
-0.41100        0.50000        0.69187
-0.40900        0.50000        0.69406
-0.40700        0.50000        0.69624
-0.40500        0.50000        0.69842
-0.40300        0.50000        0.70060
-0.40100        0.50000        0.70278
-0.39900        0.50000        0.70495
-0.39700        0.50000        0.70712
-0.39500        0.50000        0.70929
-0.39300        0.50000        0.71145
-0.39100        0.50000        0.71362
-0.38900        0.50000        0.71578
-0.38700        0.50000        0.71793
-0.38500        0.50000        0.72009
-0.38300        0.50000        0.72224
-0.38100        0.50000        0.72439
-0.37900        0.50000        0.72654
-0.37700        0.50000        0.72868
-0.37500        0.50000        0.73082
-0.37300        0.50000        0.73296
-0.37100        0.50000        0.73509
-0.36900        0.50000        0.73723
-0.36700        0.50000        0.73936
-0.36500        0.50000        0.74148
-0.36300        0.50000        0.74360
-0.36100        0.50000        0.74572
-0.35900        0.50000        0.74784
-0.35700        0.50000        0.74996
-0.35500        0.50000        0.75207
-0.35300        0.50000        0.75417
-0.35100        0.50000        0.75628
-0.34900        0.50000        0.75838
-0.34700        0.50000        0.76048
-0.34500        0.50000        0.76257
-0.34300        0.50000        0.76466
-0.34100        0.50000        0.76675
-0.33900        0.50000        0.76883
-0.33700        0.50000        0.77091
-0.33500        0.50000        0.77299
-0.33300        0.50000        0.77507
-0.33100        0.50000        0.77713
-0.32900        0.50000        0.77920
-0.32700        0.50000        0.78126
-0.32500        0.50000        0.78332
-0.32300        0.50000        0.78538
-0.32100        0.50000        0.78743
-0.31900        0.50000        0.78948
-0.31700        0.50000        0.79152
-0.31500        0.50000        0.79356
-0.31300        0.50000        0.79559
-0.31100        0.50000        0.79763
-0.30900        0.50000        0.79965
-0.30700        0.50000        0.80168
-0.30500        0.50000        0.80369
-0.30300        0.50000        0.80571
-0.30100        0.50000        0.80772
-0.29900        0.50000        0.80973
-0.29700        0.50000        0.81173
-0.29500        0.50000        0.81373
-0.29300        0.50000        0.81572
-0.29100        0.50000        0.81771
-0.28900        0.50000        0.81969
-0.28700        0.50000        0.82167
-0.28500        0.50000        0.82364
-0.28300        0.50000        0.82561
-0.28100        0.50000        0.82758
-0.27900        0.50000        0.82954
-0.27700        0.50000        0.83149
-0.27500        0.50000        0.83344
-0.27300        0.50000        0.83539
-0.27100        0.50000        0.83733
-0.26900        0.50000        0.83926
-0.26700        0.50000        0.84119
-0.26500        0.50000        0.84311
-0.26300        0.50000        0.84503
-0.26100        0.50000        0.84695
-0.25900        0.50000        0.84885
-0.25700        0.50000        0.85076
-0.25500        0.50000        0.85265
-0.25300        0.50000        0.85454
-0.25100        0.50000        0.85643
-0.24900        0.50000        0.85831
-0.24700        0.50000        0.86018
-0.24500        0.50000        0.86205
-0.24300        0.50000        0.86391
-0.24100        0.50000        0.86576
-0.23900        0.50000        0.86761
-0.23700        0.50000        0.86946
-0.23500        0.50000        0.87129
-0.23300        0.50000        0.87312
-0.23100        0.50000        0.87494
-0.22900        0.50000        0.87676
-0.22700        0.50000        0.87857
-0.22500        0.50000        0.88037
-0.22300        0.50000        0.88216
-0.22100        0.50000        0.88395
-0.21900        0.50000        0.88573
-0.21700        0.50000        0.88751
-0.21500        0.50000        0.88928
-0.21300        0.50000        0.89104
-0.21100        0.50000        0.89279
-0.20900        0.50000        0.89453
-0.20700        0.50000        0.89627
-0.20500        0.50000        0.89799
-0.20300        0.50000        0.89971
-0.20100        0.50000        0.90142
-0.19900        0.50000        0.90313
-0.19700        0.50000        0.90483
-0.19500        0.50000        0.90651
-0.19300        0.50000        0.90819
-0.19100        0.50000        0.90986
-0.18900        0.50000        0.91152
-0.18700        0.50000        0.91317
-0.18500        0.50000        0.91481
-0.18300        0.50000        0.91645
-0.18100        0.50000        0.91807
-0.17900        0.50000        0.91969
-0.17700        0.50000        0.92129
-0.17500        0.50000        0.92289
-0.17300        0.50000        0.92447
-0.17100        0.50000        0.92605
-0.16900        0.50000        0.92761
-0.16700        0.50000        0.92917
-0.16500        0.50000        0.93071
-0.16300        0.50000        0.93224
-0.16100        0.50000        0.93376
-0.15900        0.50000        0.93528
-0.15700        0.50000        0.93678
-0.15500        0.50000        0.93827
-0.15300        0.50000        0.93974
-0.15100        0.50000        0.94121
-0.14900        0.50000        0.94266
-0.14700        0.50000        0.94410
-0.14500        0.50000        0.94553
-0.14300        0.50000        0.94694
-0.14100        0.50000        0.94834
-0.13900        0.50000        0.94973
-0.13700        0.50000        0.95111
-0.13500        0.50000        0.95248
-0.13300        0.50000        0.95382
-0.13100        0.50000        0.95516
-0.12900        0.50000        0.95648
-0.12700        0.50000        0.95778
-0.12500        0.50000        0.95907
-0.12300        0.50000        0.96035
-0.12100        0.50000        0.96161
-0.11900        0.50000        0.96286
-0.11700        0.50000        0.96409
-0.11500        0.50000        0.96531
-0.11300        0.50000        0.96651
-0.11100        0.50000        0.96769
-0.10900        0.50000        0.96885
-0.10700        0.50000        0.96999
-0.10500        0.50000        0.97111
-0.10300        0.50000        0.97222
-0.10100        0.50000        0.97330
-0.099000       0.50000        0.97439
-0.097000       0.50000        0.97548
-0.095000       0.50000        0.97654
-0.093000       0.50000        0.97757
-0.091000       0.50000        0.97856
-0.089000       0.50000        0.97951
-0.087000       0.50000        0.98044
-0.085000       0.50000        0.98133
-0.083000       0.50000        0.98219
-0.081000       0.50000        0.98301
-0.079000       0.50000        0.98398
-0.077000       0.50000        0.98504
-0.075000       0.50000        0.98600
-0.073000       0.50000        0.98684
-0.071000       0.50000        0.98757
-0.069000       0.50000        0.98820
-0.067000       0.50000        0.98871
-0.065000       0.50000        0.98911
-0.063000       0.50000        0.98941
-0.061000       0.50000        0.98959
-0.059000       0.50000        0.99083
-0.057000       0.50000        0.99277
-0.055000       0.50000        0.99413
-0.053000       0.50000        0.99491
-0.051000       0.50000        0.99511
-0.049000       0.50000        0.99474
-0.047000       0.50000        0.99378
-0.045000       0.50000        0.99226
-0.043000       0.50000        0.99015
-0.041000       0.50000        0.98746
-0.039000       0.50000        0.99169
-0.037000       0.50000        1.0006
-0.035000       0.50000        1.0059
-0.033000       0.50000        1.0076
-0.031000       0.50000        1.0057
-0.029000       0.50000        1.0002
-0.027000       0.50000        0.99110
-0.025000       0.50000        0.97843
-0.023000       0.50000        0.96217
-0.021000       0.50000        0.94232
-0.019000       0.50000        0.97377
-0.017000       0.50000        1.0310
-0.015000       0.50000        1.0507
-0.013000       0.50000        1.0327
-0.011000       0.50000        0.97722
-0.0090000      0.50000        0.88412
-0.0070000      0.50000        0.75342
-0.0050000      0.50000        0.58514
-0.0030000      0.50000        0.37928
-0.0010000      0.50000        0.13582
0.0010000       0.50000        -0.13582
0.0030000       0.50000        -0.37928
0.0050000       0.50000        -0.58514
0.0070000       0.50000        -0.75342
0.0090000       0.50000        -0.88412
0.011000        0.50000        -0.97722
0.013000        0.50000        -1.0327
0.015000        0.50000        -1.0507
0.017000        0.50000        -1.0310
0.019000        0.50000        -0.97377
0.021000        0.50000        -0.94232
0.023000        0.50000        -0.96217
0.025000        0.50000        -0.97843
0.027000        0.50000        -0.99110
0.029000        0.50000        -1.0002
0.031000        0.50000        -1.0057
0.033000        0.50000        -1.0076
0.035000        0.50000        -1.0059
0.037000        0.50000        -1.0006
0.039000        0.50000        -0.99169
0.041000        0.50000        -0.98746
0.043000        0.50000        -0.99015
0.045000        0.50000        -0.99226
0.047000        0.50000        -0.99378
0.049000        0.50000        -0.99474
0.051000        0.50000        -0.99511
0.053000        0.50000        -0.99491
0.055000        0.50000        -0.99413
0.057000        0.50000        -0.99277
0.059000        0.50000        -0.99083
0.061000        0.50000        -0.98959
0.063000        0.50000        -0.98941
0.065000        0.50000        -0.98911
0.067000        0.50000        -0.98871
0.069000        0.50000        -0.98820
0.071000        0.50000        -0.98757
0.073000        0.50000        -0.98684
0.075000        0.50000        -0.98600
0.077000        0.50000        -0.98504
0.079000        0.50000        -0.98398
0.081000        0.50000        -0.98301
0.083000        0.50000        -0.98219
0.085000        0.50000        -0.98133
0.087000        0.50000        -0.98044
0.089000        0.50000        -0.97951
0.091000        0.50000        -0.97856
0.093000        0.50000        -0.97757
0.095000        0.50000        -0.97654
0.097000        0.50000        -0.97548
0.099000        0.50000        -0.97439
0.10100         0.50000        -0.97330
0.10300         0.50000        -0.97222
0.10500         0.50000        -0.97111
0.10700         0.50000        -0.96999
0.10900         0.50000        -0.96885
0.11100         0.50000        -0.96769
0.11300         0.50000        -0.96651
0.11500         0.50000        -0.96531
0.11700         0.50000        -0.96409
0.11900         0.50000        -0.96286
0.12100         0.50000        -0.96161
0.12300         0.50000        -0.96035
0.12500         0.50000        -0.95907
0.12700         0.50000        -0.95778
0.12900         0.50000        -0.95648
0.13100         0.50000        -0.95516
0.13300         0.50000        -0.95382
0.13500         0.50000        -0.95248
0.13700         0.50000        -0.95111
0.13900         0.50000        -0.94973
0.14100         0.50000        -0.94834
0.14300         0.50000        -0.94694
0.14500         0.50000        -0.94553
0.14700         0.50000        -0.94410
0.14900         0.50000        -0.94266
0.15100         0.50000        -0.94121
0.15300         0.50000        -0.93974
0.15500         0.50000        -0.93827
0.15700         0.50000        -0.93678
0.15900         0.50000        -0.93528
0.16100         0.50000        -0.93376
0.16300         0.50000        -0.93224
0.16500         0.50000        -0.93071
0.16700         0.50000        -0.92917
0.16900         0.50000        -0.92761
0.17100         0.50000        -0.92605
0.17300         0.50000        -0.92447
0.17500         0.50000        -0.92289
0.17700         0.50000        -0.92129
0.17900         0.50000        -0.91969
0.18100         0.50000        -0.91807
0.18300         0.50000        -0.91645
0.18500         0.50000        -0.91481
0.18700         0.50000        -0.91317
0.18900         0.50000        -0.91152
0.19100         0.50000        -0.90986
0.19300         0.50000        -0.90819
0.19500         0.50000        -0.90651
0.19700         0.50000        -0.90483
0.19900         0.50000        -0.90313
0.20100         0.50000        -0.90142
0.20300         0.50000        -0.89971
0.20500         0.50000        -0.89799
0.20700         0.50000        -0.89627
0.20900         0.50000        -0.89453
0.21100         0.50000        -0.89279
0.21300         0.50000        -0.89104
0.21500         0.50000        -0.88928
0.21700         0.50000        -0.88751
0.21900         0.50000        -0.88573
0.22100         0.50000        -0.88395
0.22300         0.50000        -0.88216
0.22500         0.50000        -0.88037
0.22700         0.50000        -0.87857
0.22900         0.50000        -0.87676
0.23100         0.50000        -0.87494
0.23300         0.50000        -0.87312
0.23500         0.50000        -0.87129
0.23700         0.50000        -0.86946
0.23900         0.50000        -0.86761
0.24100         0.50000        -0.86576
0.24300         0.50000        -0.86391
0.24500         0.50000        -0.86205
0.24700         0.50000        -0.86018
0.24900         0.50000        -0.85831
0.25100         0.50000        -0.85643
0.25300         0.50000        -0.85454
0.25500         0.50000        -0.85265
0.25700         0.50000        -0.85076
0.25900         0.50000        -0.84885
0.26100         0.50000        -0.84695
0.26300         0.50000        -0.84503
0.26500         0.50000        -0.84311
0.26700         0.50000        -0.84119
0.26900         0.50000        -0.83926
0.27100         0.50000        -0.83733
0.27300         0.50000        -0.83539
0.27500         0.50000        -0.83344
0.27700         0.50000        -0.83149
0.27900         0.50000        -0.82954
0.28100         0.50000        -0.82758
0.28300         0.50000        -0.82561
0.28500         0.50000        -0.82364
0.28700         0.50000        -0.82167
0.28900         0.50000        -0.81969
0.29100         0.50000        -0.81771
0.29300         0.50000        -0.81572
0.29500         0.50000        -0.81373
0.29700         0.50000        -0.81173
0.29900         0.50000        -0.80973
0.30100         0.50000        -0.80772
0.30300         0.50000        -0.80571
0.30500         0.50000        -0.80369
0.30700         0.50000        -0.80168
0.30900         0.50000        -0.79965
0.31100         0.50000        -0.79763
0.31300         0.50000        -0.79559
0.31500         0.50000        -0.79356
0.31700         0.50000        -0.79152
0.31900         0.50000        -0.78948
0.32100         0.50000        -0.78743
0.32300         0.50000        -0.78538
0.32500         0.50000        -0.78332
0.32700         0.50000        -0.78126
0.32900         0.50000        -0.77920
0.33100         0.50000        -0.77713
0.33300         0.50000        -0.77507
0.33500         0.50000        -0.77299
0.33700         0.50000        -0.77091
0.33900         0.50000        -0.76883
0.34100         0.50000        -0.76675
0.34300         0.50000        -0.76466
0.34500         0.50000        -0.76257
0.34700         0.50000        -0.76048
0.34900         0.50000        -0.75838
0.35100         0.50000        -0.75628
0.35300         0.50000        -0.75417
0.35500         0.50000        -0.75207
0.35700         0.50000        -0.74996
0.35900         0.50000        -0.74784
0.36100         0.50000        -0.74572
0.36300         0.50000        -0.74360
0.36500         0.50000        -0.74148
0.36700         0.50000        -0.73936
0.36900         0.50000        -0.73723
0.37100         0.50000        -0.73509
0.37300         0.50000        -0.73296
0.37500         0.50000        -0.73082
0.37700         0.50000        -0.72868
0.37900         0.50000        -0.72654
0.38100         0.50000        -0.72439
0.38300         0.50000        -0.72224
0.38500         0.50000        -0.72009
0.38700         0.50000        -0.71793
0.38900         0.50000        -0.71578
0.39100         0.50000        -0.71362
0.39300         0.50000        -0.71145
0.39500         0.50000        -0.70929
0.39700         0.50000        -0.70712
0.39900         0.50000        -0.70495
0.40100         0.50000        -0.70278
0.40300         0.50000        -0.70060
0.40500         0.50000        -0.69842
0.40700         0.50000        -0.69624
0.40900         0.50000        -0.69406
0.41100         0.50000        -0.69187
0.41300         0.50000        -0.68968
0.41500         0.50000        -0.68749
0.41700         0.50000        -0.68530
0.41900         0.50000        -0.68311
0.42100         0.50000        -0.68091
0.42300         0.50000        -0.67871
0.42500         0.50000        -0.67651
0.42700         0.50000        -0.67430
0.42900         0.50000        -0.67210
0.43100         0.50000        -0.66989
0.43300         0.50000        -0.66768
0.43500         0.50000        -0.66547
0.43700         0.50000        -0.66325
0.43900         0.50000        -0.66104
0.44100         0.50000        -0.65882
0.44300         0.50000        -0.65660
0.44500         0.50000        -0.65437
0.44700         0.50000        -0.65215
0.44900         0.50000        -0.64992
0.45100         0.50000        -0.64769
0.45300         0.50000        -0.64546
0.45500         0.50000        -0.64323
0.45700         0.50000        -0.64099
0.45900         0.50000        -0.63876
0.46100         0.50000        -0.63652
0.46300         0.50000        -0.63428
0.46500         0.50000        -0.63203
0.46700         0.50000        -0.62979
0.46900         0.50000        -0.62754
0.47100         0.50000        -0.62530
0.47300         0.50000        -0.62305
0.47500         0.50000        -0.62080
0.47700         0.50000        -0.61854
0.47900         0.50000        -0.61629
0.48100         0.50000        -0.61403
0.48300         0.50000        -0.61177
0.48500         0.50000        -0.60951
0.48700         0.50000        -0.60725
0.48900         0.50000        -0.60499
0.49100         0.50000        -0.60273
0.49300         0.50000        -0.60046
0.49500         0.50000        -0.59819
0.49700         0.50000        -0.59592
0.49900         0.50000        -0.59365
0.50100         0.50000        -0.59138
0.50300         0.50000        -0.58910
0.50500         0.50000        -0.58683
0.50700         0.50000        -0.58455
0.50900         0.50000        -0.58227
0.51100         0.50000        -0.57999
0.51300         0.50000        -0.57771
0.51500         0.50000        -0.57543
0.51700         0.50000        -0.57314
0.51900         0.50000        -0.57086
0.52100         0.50000        -0.56857
0.52300         0.50000        -0.56628
0.52500         0.50000        -0.56399
0.52700         0.50000        -0.56170
0.52900         0.50000        -0.55941
0.53100         0.50000        -0.55712
0.53300         0.50000        -0.55482
0.53500         0.50000        -0.55252
0.53700         0.50000        -0.55023
0.53900         0.50000        -0.54793
0.54100         0.50000        -0.54563
0.54300         0.50000        -0.54332
0.54500         0.50000        -0.54102
0.54700         0.50000        -0.53872
0.54900         0.50000        -0.53641
0.55100         0.50000        -0.53411
0.55300         0.50000        -0.53180
0.55500         0.50000        -0.52949
0.55700         0.50000        -0.52718
0.55900         0.50000        -0.52487
0.56100         0.50000        -0.52255
0.56300         0.50000        -0.52024
0.56500         0.50000        -0.51793
0.56700         0.50000        -0.51561
0.56900         0.50000        -0.51329
0.57100         0.50000        -0.51097
0.57300         0.50000        -0.50866
0.57500         0.50000        -0.50634
0.57700         0.50000        -0.50401
0.57900         0.50000        -0.50169
0.58100         0.50000        -0.49937
0.58300         0.50000        -0.49704
0.58500         0.50000        -0.49472
0.58700         0.50000        -0.49239
0.58900         0.50000        -0.49006
0.59100         0.50000        -0.48773
0.59300         0.50000        -0.48541
0.59500         0.50000        -0.48307
0.59700         0.50000        -0.48074
0.59900         0.50000        -0.47841
0.60100         0.50000        -0.47608
0.60300         0.50000        -0.47374
0.60500         0.50000        -0.47141
0.60700         0.50000        -0.46907
0.60900         0.50000        -0.46673
0.61100         0.50000        -0.46440
0.61300         0.50000        -0.46206
0.61500         0.50000        -0.45972
0.61700         0.50000        -0.45738
0.61900         0.50000        -0.45503
0.62100         0.50000        -0.45269
0.62300         0.50000        -0.45035
0.62500         0.50000        -0.44800
0.62700         0.50000        -0.44566
0.62900         0.50000        -0.44331
0.63100         0.50000        -0.44097
0.63300         0.50000        -0.43862
0.63500         0.50000        -0.43627
0.63700         0.50000        -0.43392
0.63900         0.50000        -0.43157
0.64100         0.50000        -0.42922
0.64300         0.50000        -0.42687
0.64500         0.50000        -0.42452
0.64700         0.50000        -0.42216
0.64900         0.50000        -0.41981
0.65100         0.50000        -0.41746
0.65300         0.50000        -0.41510
0.65500         0.50000        -0.41274
0.65700         0.50000        -0.41039
0.65900         0.50000        -0.40803
0.66100         0.50000        -0.40567
0.66300         0.50000        -0.40331
0.66500         0.50000        -0.40095
0.66700         0.50000        -0.39859
0.66900         0.50000        -0.39623
0.67100         0.50000        -0.39387
0.67300         0.50000        -0.39151
0.67500         0.50000        -0.38914
0.67700         0.50000        -0.38678
0.67900         0.50000        -0.38442
0.68100         0.50000        -0.38205
0.68300         0.50000        -0.37969
0.68500         0.50000        -0.37732
0.68700         0.50000        -0.37495
0.68900         0.50000        -0.37259
0.69100         0.50000        -0.37022
0.69300         0.50000        -0.36785
0.69500         0.50000        -0.36548
0.69700         0.50000        -0.36311
0.69900         0.50000        -0.36074
0.70100         0.50000        -0.35837
0.70300         0.50000        -0.35600
0.70500         0.50000        -0.35362
0.70700         0.50000        -0.35125
0.70900         0.50000        -0.34888
0.71100         0.50000        -0.34650
0.71300         0.50000        -0.34413
0.71500         0.50000        -0.34176
0.71700         0.50000        -0.33938
0.71900         0.50000        -0.33700
0.72100         0.50000        -0.33463
0.72300         0.50000        -0.33225
0.72500         0.50000        -0.32987
0.72700         0.50000        -0.32749
0.72900         0.50000        -0.32512
0.73100         0.50000        -0.32274
0.73300         0.50000        -0.32036
0.73500         0.50000        -0.31798
0.73700         0.50000        -0.31560
0.73900         0.50000        -0.31322
0.74100         0.50000        -0.31083
0.74300         0.50000        -0.30845
0.74500         0.50000        -0.30607
0.74700         0.50000        -0.30369
0.74900         0.50000        -0.30130
0.75100         0.50000        -0.29892
0.75300         0.50000        -0.29654
0.75500         0.50000        -0.29415
0.75700         0.50000        -0.29177
0.75900         0.50000        -0.28938
0.76100         0.50000        -0.28699
0.76300         0.50000        -0.28461
0.76500         0.50000        -0.28222
0.76700         0.50000        -0.27983
0.76900         0.50000        -0.27745
0.77100         0.50000        -0.27506
0.77300         0.50000        -0.27267
0.77500         0.50000        -0.27028
0.77700         0.50000        -0.26789
0.77900         0.50000        -0.26550
0.78100         0.50000        -0.26311
0.78300         0.50000        -0.26072
0.78500         0.50000        -0.25833
0.78700         0.50000        -0.25594
0.78900         0.50000        -0.25355
0.79100         0.50000        -0.25116
0.79300         0.50000        -0.24877
0.79500         0.50000        -0.24637
0.79700         0.50000        -0.24398
0.79900         0.50000        -0.24159
0.80100         0.50000        -0.23919
0.80300         0.50000        -0.23680
0.80500         0.50000        -0.23441
0.80700         0.50000        -0.23201
0.80900         0.50000        -0.22962
0.81100         0.50000        -0.22722
0.81300         0.50000        -0.22483
0.81500         0.50000        -0.22243
0.81700         0.50000        -0.22004
0.81900         0.50000        -0.21764
0.82100         0.50000        -0.21524
0.82300         0.50000        -0.21285
0.82500         0.50000        -0.21045
0.82700         0.50000        -0.20805
0.82900         0.50000        -0.20565
0.83100         0.50000        -0.20326
0.83300         0.50000        -0.20086
0.83500         0.50000        -0.19846
0.83700         0.50000        -0.19606
0.83900         0.50000        -0.19366
0.84100         0.50000        -0.19126
0.84300         0.50000        -0.18886
0.84500         0.50000        -0.18646
0.84700         0.50000        -0.18406
0.84900         0.50000        -0.18166
0.85100         0.50000        -0.17926
0.85300         0.50000        -0.17686
0.85500         0.50000        -0.17446
0.85700         0.50000        -0.17206
0.85900         0.50000        -0.16966
0.86100         0.50000        -0.16726
0.86300         0.50000        -0.16486
0.86500         0.50000        -0.16245
0.86700         0.50000        -0.16005
0.86900         0.50000        -0.15765
0.87100         0.50000        -0.15525
0.87300         0.50000        -0.15284
0.87500         0.50000        -0.15044
0.87700         0.50000        -0.14804
0.87900         0.50000        -0.14563
0.88100         0.50000        -0.14323
0.88300         0.50000        -0.14083
0.88500         0.50000        -0.13842
0.88700         0.50000        -0.13602
0.88900         0.50000        -0.13361
0.89100         0.50000        -0.13121
0.89300         0.50000        -0.12880
0.89500         0.50000        -0.12640
0.89700         0.50000        -0.12399
0.89900         0.50000        -0.12159
0.90100         0.50000        -0.11918
0.90300         0.50000        -0.11678
0.90500         0.50000        -0.11437
0.90700         0.50000        -0.11197
0.90900         0.50000        -0.10956
0.91100         0.50000        -0.10716
0.91300         0.50000        -0.10475
0.91500         0.50000        -0.10234
0.91700         0.50000        -0.099937
0.91900         0.50000        -0.097531
0.92100         0.50000        -0.095124
0.92300         0.50000        -0.092717
0.92500         0.50000        -0.090310
0.92700         0.50000        -0.087904
0.92900         0.50000        -0.085497
0.93100         0.50000        -0.083089
0.93300         0.50000        -0.080682
0.93500         0.50000        -0.078275
0.93700         0.50000        -0.075867
0.93900         0.50000        -0.073460
0.94100         0.50000        -0.071052
0.94300         0.50000        -0.068644
0.94500         0.50000        -0.066236
0.94700         0.50000        -0.063829
0.94900         0.50000        -0.061421
0.95100         0.50000        -0.059013
0.95300         0.50000        -0.056604
0.95500         0.50000        -0.054196
0.95700         0.50000        -0.051788
0.95900         0.50000        -0.049380
0.96100         0.50000        -0.046971
0.96300         0.50000        -0.044563
0.96500         0.50000        -0.042154
0.96700         0.50000        -0.039746
0.96900         0.50000        -0.037337
0.97100         0.50000        -0.034929
0.97300         0.50000        -0.032520
0.97500         0.50000        -0.030111
0.97700         0.50000        -0.027702
0.97900         0.50000        -0.025294
0.98100         0.50000        -0.022885
0.98300         0.50000        -0.020476
0.98500         0.50000        -0.018067
0.98700         0.50000        -0.015658
0.98900         0.50000        -0.013249
0.99100         0.50000        -0.010840
0.99300         0.50000        -0.0084314
0.99500         0.50000        -0.0060224
0.99700         0.50000        -0.0036135
0.99900         0.50000        -0.0012045
