-0.99900        0.75000        9.2527E-4
-0.99700        0.75000        0.0027758
-0.99500        0.75000        0.0046264
-0.99300        0.75000        0.0064769
-0.99100        0.75000        0.0083274
-0.98900        0.75000        0.010178
-0.98700        0.75000        0.012028
-0.98500        0.75000        0.013879
-0.98300        0.75000        0.015729
-0.98100        0.75000        0.017580
-0.97900        0.75000        0.019430
-0.97700        0.75000        0.021281
-0.97500        0.75000        0.023131
-0.97300        0.75000        0.024982
-0.97100        0.75000        0.026832
-0.96900        0.75000        0.028683
-0.96700        0.75000        0.030533
-0.96500        0.75000        0.032383
-0.96300        0.75000        0.034234
-0.96100        0.75000        0.036084
-0.95900        0.75000        0.037935
-0.95700        0.75000        0.039785
-0.95500        0.75000        0.041635
-0.95300        0.75000        0.043485
-0.95100        0.75000        0.045336
-0.94900        0.75000        0.047186
-0.94700        0.75000        0.049036
-0.94500        0.75000        0.050886
-0.94300        0.75000        0.052736
-0.94100        0.75000        0.054586
-0.93900        0.75000        0.056437
-0.93700        0.75000        0.058287
-0.93500        0.75000        0.060137
-0.93300        0.75000        0.061987
-0.93100        0.75000        0.063836
-0.92900        0.75000        0.065686
-0.92700        0.75000        0.067536
-0.92500        0.75000        0.069386
-0.92300        0.75000        0.071236
-0.92100        0.75000        0.073086
-0.91900        0.75000        0.074935
-0.91700        0.75000        0.076785
-0.91500        0.75000        0.078635
-0.91300        0.75000        0.080484
-0.91100        0.75000        0.082334
-0.90900        0.75000        0.084183
-0.90700        0.75000        0.086033
-0.90500        0.75000        0.087882
-0.90300        0.75000        0.089731
-0.90100        0.75000        0.091581
-0.89900        0.75000        0.093430
-0.89700        0.75000        0.095279
-0.89500        0.75000        0.097128
-0.89300        0.75000        0.098977
-0.89100        0.75000        0.10083
-0.88900        0.75000        0.10268
-0.88700        0.75000        0.10452
-0.88500        0.75000        0.10637
-0.88300        0.75000        0.10822
-0.88100        0.75000        0.11007
-0.87900        0.75000        0.11192
-0.87700        0.75000        0.11377
-0.87500        0.75000        0.11562
-0.87300        0.75000        0.11746
-0.87100        0.75000        0.11931
-0.86900        0.75000        0.12116
-0.86700        0.75000        0.12301
-0.86500        0.75000        0.12486
-0.86300        0.75000        0.12671
-0.86100        0.75000        0.12855
-0.85900        0.75000        0.13040
-0.85700        0.75000        0.13225
-0.85500        0.75000        0.13410
-0.85300        0.75000        0.13594
-0.85100        0.75000        0.13779
-0.84900        0.75000        0.13964
-0.84700        0.75000        0.14149
-0.84500        0.75000        0.14333
-0.84300        0.75000        0.14518
-0.84100        0.75000        0.14703
-0.83900        0.75000        0.14888
-0.83700        0.75000        0.15072
-0.83500        0.75000        0.15257
-0.83300        0.75000        0.15442
-0.83100        0.75000        0.15626
-0.82900        0.75000        0.15811
-0.82700        0.75000        0.15996
-0.82500        0.75000        0.16180
-0.82300        0.75000        0.16365
-0.82100        0.75000        0.16550
-0.81900        0.75000        0.16734
-0.81700        0.75000        0.16919
-0.81500        0.75000        0.17103
-0.81300        0.75000        0.17288
-0.81100        0.75000        0.17473
-0.80900        0.75000        0.17657
-0.80700        0.75000        0.17842
-0.80500        0.75000        0.18026
-0.80300        0.75000        0.18211
-0.80100        0.75000        0.18395
-0.79900        0.75000        0.18580
-0.79700        0.75000        0.18764
-0.79500        0.75000        0.18949
-0.79300        0.75000        0.19133
-0.79100        0.75000        0.19318
-0.78900        0.75000        0.19502
-0.78700        0.75000        0.19687
-0.78500        0.75000        0.19871
-0.78300        0.75000        0.20056
-0.78100        0.75000        0.20240
-0.77900        0.75000        0.20424
-0.77700        0.75000        0.20609
-0.77500        0.75000        0.20793
-0.77300        0.75000        0.20977
-0.77100        0.75000        0.21162
-0.76900        0.75000        0.21346
-0.76700        0.75000        0.21530
-0.76500        0.75000        0.21715
-0.76300        0.75000        0.21899
-0.76100        0.75000        0.22083
-0.75900        0.75000        0.22268
-0.75700        0.75000        0.22452
-0.75500        0.75000        0.22636
-0.75300        0.75000        0.22820
-0.75100        0.75000        0.23004
-0.74900        0.75000        0.23189
-0.74700        0.75000        0.23373
-0.74500        0.75000        0.23557
-0.74300        0.75000        0.23741
-0.74100        0.75000        0.23925
-0.73900        0.75000        0.24109
-0.73700        0.75000        0.24293
-0.73500        0.75000        0.24478
-0.73300        0.75000        0.24662
-0.73100        0.75000        0.24846
-0.72900        0.75000        0.25030
-0.72700        0.75000        0.25214
-0.72500        0.75000        0.25398
-0.72300        0.75000        0.25582
-0.72100        0.75000        0.25766
-0.71900        0.75000        0.25950
-0.71700        0.75000        0.26133
-0.71500        0.75000        0.26317
-0.71300        0.75000        0.26501
-0.71100        0.75000        0.26685
-0.70900        0.75000        0.26869
-0.70700        0.75000        0.27053
-0.70500        0.75000        0.27237
-0.70300        0.75000        0.27421
-0.70100        0.75000        0.27604
-0.69900        0.75000        0.27788
-0.69700        0.75000        0.27972
-0.69500        0.75000        0.28156
-0.69300        0.75000        0.28339
-0.69100        0.75000        0.28523
-0.68900        0.75000        0.28707
-0.68700        0.75000        0.28890
-0.68500        0.75000        0.29074
-0.68300        0.75000        0.29258
-0.68100        0.75000        0.29441
-0.67900        0.75000        0.29625
-0.67700        0.75000        0.29808
-0.67500        0.75000        0.29992
-0.67300        0.75000        0.30175
-0.67100        0.75000        0.30359
-0.66900        0.75000        0.30542
-0.66700        0.75000        0.30726
-0.66500        0.75000        0.30909
-0.66300        0.75000        0.31093
-0.66100        0.75000        0.31276
-0.65900        0.75000        0.31459
-0.65700        0.75000        0.31643
-0.65500        0.75000        0.31826
-0.65300        0.75000        0.32009
-0.65100        0.75000        0.32193
-0.64900        0.75000        0.32376
-0.64700        0.75000        0.32559
-0.64500        0.75000        0.32742
-0.64300        0.75000        0.32925
-0.64100        0.75000        0.33109
-0.63900        0.75000        0.33292
-0.63700        0.75000        0.33475
-0.63500        0.75000        0.33658
-0.63300        0.75000        0.33841
-0.63100        0.75000        0.34024
-0.62900        0.75000        0.34207
-0.62700        0.75000        0.34390
-0.62500        0.75000        0.34573
-0.62300        0.75000        0.34756
-0.62100        0.75000        0.34939
-0.61900        0.75000        0.35122
-0.61700        0.75000        0.35304
-0.61500        0.75000        0.35487
-0.61300        0.75000        0.35670
-0.61100        0.75000        0.35853
-0.60900        0.75000        0.36036
-0.60700        0.75000        0.36218
-0.60500        0.75000        0.36401
-0.60300        0.75000        0.36584
-0.60100        0.75000        0.36766
-0.59900        0.75000        0.36949
-0.59700        0.75000        0.37131
-0.59500        0.75000        0.37314
-0.59300        0.75000        0.37497
-0.59100        0.75000        0.37679
-0.58900        0.75000        0.37861
-0.58700        0.75000        0.38044
-0.58500        0.75000        0.38226
-0.58300        0.75000        0.38409
-0.58100        0.75000        0.38591
-0.57900        0.75000        0.38773
-0.57700        0.75000        0.38956
-0.57500        0.75000        0.39138
-0.57300        0.75000        0.39320
-0.57100        0.75000        0.39502
-0.56900        0.75000        0.39684
-0.56700        0.75000        0.39867
-0.56500        0.75000        0.40049
-0.56300        0.75000        0.40231
-0.56100        0.75000        0.40413
-0.55900        0.75000        0.40595
-0.55700        0.75000        0.40777
-0.55500        0.75000        0.40959
-0.55300        0.75000        0.41140
-0.55100        0.75000        0.41322
-0.54900        0.75000        0.41504
-0.54700        0.75000        0.41686
-0.54500        0.75000        0.41868
-0.54300        0.75000        0.42049
-0.54100        0.75000        0.42231
-0.53900        0.75000        0.42413
-0.53700        0.75000        0.42594
-0.53500        0.75000        0.42776
-0.53300        0.75000        0.42957
-0.53100        0.75000        0.43139
-0.52900        0.75000        0.43320
-0.52700        0.75000        0.43502
-0.52500        0.75000        0.43683
-0.52300        0.75000        0.43864
-0.52100        0.75000        0.44046
-0.51900        0.75000        0.44227
-0.51700        0.75000        0.44408
-0.51500        0.75000        0.44589
-0.51300        0.75000        0.44770
-0.51100        0.75000        0.44952
-0.50900        0.75000        0.45133
-0.50700        0.75000        0.45314
-0.50500        0.75000        0.45495
-0.50300        0.75000        0.45676
-0.50100        0.75000        0.45856
-0.49900        0.75000        0.46037
-0.49700        0.75000        0.46218
-0.49500        0.75000        0.46399
-0.49300        0.75000        0.46580
-0.49100        0.75000        0.46760
-0.48900        0.75000        0.46941
-0.48700        0.75000        0.47122
-0.48500        0.75000        0.47302
-0.48300        0.75000        0.47483
-0.48100        0.75000        0.47663
-0.47900        0.75000        0.47844
-0.47700        0.75000        0.48024
-0.47500        0.75000        0.48204
-0.47300        0.75000        0.48384
-0.47100        0.75000        0.48565
-0.46900        0.75000        0.48745
-0.46700        0.75000        0.48925
-0.46500        0.75000        0.49105
-0.46300        0.75000        0.49285
-0.46100        0.75000        0.49465
-0.45900        0.75000        0.49645
-0.45700        0.75000        0.49825
-0.45500        0.75000        0.50005
-0.45300        0.75000        0.50185
-0.45100        0.75000        0.50364
-0.44900        0.75000        0.50544
-0.44700        0.75000        0.50724
-0.44500        0.75000        0.50903
-0.44300        0.75000        0.51083
-0.44100        0.75000        0.51262
-0.43900        0.75000        0.51442
-0.43700        0.75000        0.51621
-0.43500        0.75000        0.51800
-0.43300        0.75000        0.51980
-0.43100        0.75000        0.52159
-0.42900        0.75000        0.52338
-0.42700        0.75000        0.52517
-0.42500        0.75000        0.52696
-0.42300        0.75000        0.52875
-0.42100        0.75000        0.53054
-0.41900        0.75000        0.53233
-0.41700        0.75000        0.53412
-0.41500        0.75000        0.53591
-0.41300        0.75000        0.53769
-0.41100        0.75000        0.53948
-0.40900        0.75000        0.54126
-0.40700        0.75000        0.54305
-0.40500        0.75000        0.54483
-0.40300        0.75000        0.54662
-0.40100        0.75000        0.54840
-0.39900        0.75000        0.55018
-0.39700        0.75000        0.55197
-0.39500        0.75000        0.55375
-0.39300        0.75000        0.55553
-0.39100        0.75000        0.55731
-0.38900        0.75000        0.55909
-0.38700        0.75000        0.56087
-0.38500        0.75000        0.56265
-0.38300        0.75000        0.56442
-0.38100        0.75000        0.56620
-0.37900        0.75000        0.56798
-0.37700        0.75000        0.56975
-0.37500        0.75000        0.57153
-0.37300        0.75000        0.57330
-0.37100        0.75000        0.57508
-0.36900        0.75000        0.57685
-0.36700        0.75000        0.57862
-0.36500        0.75000        0.58039
-0.36300        0.75000        0.58216
-0.36100        0.75000        0.58393
-0.35900        0.75000        0.58570
-0.35700        0.75000        0.58747
-0.35500        0.75000        0.58924
-0.35300        0.75000        0.59101
-0.35100        0.75000        0.59277
-0.34900        0.75000        0.59454
-0.34700        0.75000        0.59630
-0.34500        0.75000        0.59807
-0.34300        0.75000        0.59983
-0.34100        0.75000        0.60159
-0.33900        0.75000        0.60335
-0.33700        0.75000        0.60511
-0.33500        0.75000        0.60687
-0.33300        0.75000        0.60863
-0.33100        0.75000        0.61039
-0.32900        0.75000        0.61215
-0.32700        0.75000        0.61391
-0.32500        0.75000        0.61566
-0.32300        0.75000        0.61742
-0.32100        0.75000        0.61917
-0.31900        0.75000        0.62093
-0.31700        0.75000        0.62268
-0.31500        0.75000        0.62443
-0.31300        0.75000        0.62618
-0.31100        0.75000        0.62793
-0.30900        0.75000        0.62968
-0.30700        0.75000        0.63143
-0.30500        0.75000        0.63317
-0.30300        0.75000        0.63492
-0.30100        0.75000        0.63667
-0.29900        0.75000        0.63841
-0.29700        0.75000        0.64016
-0.29500        0.75000        0.64190
-0.29300        0.75000        0.64364
-0.29100        0.75000        0.64538
-0.28900        0.75000        0.64712
-0.28700        0.75000        0.64886
-0.28500        0.75000        0.65060
-0.28300        0.75000        0.65233
-0.28100        0.75000        0.65407
-0.27900        0.75000        0.65580
-0.27700        0.75000        0.65754
-0.27500        0.75000        0.65927
-0.27300        0.75000        0.66100
-0.27100        0.75000        0.66273
-0.26900        0.75000        0.66446
-0.26700        0.75000        0.66619
-0.26500        0.75000        0.66792
-0.26300        0.75000        0.66965
-0.26100        0.75000        0.67137
-0.25900        0.75000        0.67310
-0.25700        0.75000        0.67482
-0.25500        0.75000        0.67654
-0.25300        0.75000        0.67826
-0.25100        0.75000        0.67998
-0.24900        0.75000        0.68170
-0.24700        0.75000        0.68342
-0.24500        0.75000        0.68513
-0.24300        0.75000        0.68685
-0.24100        0.75000        0.68856
-0.23900        0.75000        0.69028
-0.23700        0.75000        0.69199
-0.23500        0.75000        0.69370
-0.23300        0.75000        0.69541
-0.23100        0.75000        0.69712
-0.22900        0.75000        0.69882
-0.22700        0.75000        0.70053
-0.22500        0.75000        0.70223
-0.22300        0.75000        0.70394
-0.22100        0.75000        0.70564
-0.21900        0.75000        0.70734
-0.21700        0.75000        0.70904
-0.21500        0.75000        0.71073
-0.21300        0.75000        0.71243
-0.21100        0.75000        0.71413
-0.20900        0.75000        0.71582
-0.20700        0.75000        0.71751
-0.20500        0.75000        0.71920
-0.20300        0.75000        0.72089
-0.20100        0.75000        0.72258
-0.19900        0.75000        0.72427
-0.19700        0.75000        0.72595
-0.19500        0.75000        0.72764
-0.19300        0.75000        0.72932
-0.19100        0.75000        0.73100
-0.18900        0.75000        0.73268
-0.18700        0.75000        0.73436
-0.18500        0.75000        0.73603
-0.18300        0.75000        0.73771
-0.18100        0.75000        0.73938
-0.17900        0.75000        0.74106
-0.17700        0.75000        0.74273
-0.17500        0.75000        0.74439
-0.17300        0.75000        0.74606
-0.17100        0.75000        0.74773
-0.16900        0.75000        0.74939
-0.16700        0.75000        0.75105
-0.16500        0.75000        0.75271
-0.16300        0.75000        0.75437
-0.16100        0.75000        0.75603
-0.15900        0.75000        0.75769
-0.15700        0.75000        0.75934
-0.15500        0.75000        0.76099
-0.15300        0.75000        0.76264
-0.15100        0.75000        0.76429
-0.14900        0.75000        0.76594
-0.14700        0.75000        0.76758
-0.14500        0.75000        0.76923
-0.14300        0.75000        0.77087
-0.14100        0.75000        0.77251
-0.13900        0.75000        0.77415
-0.13700        0.75000        0.77578
-0.13500        0.75000        0.77742
-0.13300        0.75000        0.77905
-0.13100        0.75000        0.78068
-0.12900        0.75000        0.78231
-0.12700        0.75000        0.78393
-0.12500        0.75000        0.78556
-0.12300        0.75000        0.78718
-0.12100        0.75000        0.78880
-0.11900        0.75000        0.79042
-0.11700        0.75000        0.79203
-0.11500        0.75000        0.79365
-0.11300        0.75000        0.79526
-0.11100        0.75000        0.79687
-0.10900        0.75000        0.79848
-0.10700        0.75000        0.80008
-0.10500        0.75000        0.80168
-0.10300        0.75000        0.80328
-0.10100        0.75000        0.80488
-0.099000       0.75000        0.80648
-0.097000       0.75000        0.80808
-0.095000       0.75000        0.80968
-0.093000       0.75000        0.81127
-0.091000       0.75000        0.81285
-0.089000       0.75000        0.81443
-0.087000       0.75000        0.81600
-0.085000       0.75000        0.81757
-0.083000       0.75000        0.81913
-0.081000       0.75000        0.82069
-0.079000       0.75000        0.82229
-0.077000       0.75000        0.82393
-0.075000       0.75000        0.82553
-0.073000       0.75000        0.82709
-0.071000       0.75000        0.82863
-0.069000       0.75000        0.83013
-0.067000       0.75000        0.83160
-0.065000       0.75000        0.83304
-0.063000       0.75000        0.83445
-0.061000       0.75000        0.83582
-0.059000       0.75000        0.83764
-0.057000       0.75000        0.83974
-0.055000       0.75000        0.84157
-0.053000       0.75000        0.84314
-0.051000       0.75000        0.84444
-0.049000       0.75000        0.84548
-0.047000       0.75000        0.84626
-0.045000       0.75000        0.84677
-0.043000       0.75000        0.84702
-0.041000       0.75000        0.84700
-0.039000       0.75000        0.85086
-0.037000       0.75000        0.85713
-0.035000       0.75000        0.86116
-0.033000       0.75000        0.86297
-0.031000       0.75000        0.86255
-0.029000       0.75000        0.85989
-0.027000       0.75000        0.85501
-0.025000       0.75000        0.84790
-0.023000       0.75000        0.83856
-0.021000       0.75000        0.82699
-0.019000       0.75000        0.84995
-0.017000       0.75000        0.88680
-0.015000       0.75000        0.89393
-0.013000       0.75000        0.87134
-0.011000       0.75000        0.81902
-0.0090000      0.75000        0.73698
-0.0070000      0.75000        0.62522
-0.0050000      0.75000        0.48374
-0.0030000      0.75000        0.31254
-0.0010000      0.75000        0.11161
0.0010000       0.75000        -0.11161
0.0030000       0.75000        -0.31254
0.0050000       0.75000        -0.48374
0.0070000       0.75000        -0.62522
0.0090000       0.75000        -0.73698
0.011000        0.75000        -0.81902
0.013000        0.75000        -0.87134
0.015000        0.75000        -0.89393
0.017000        0.75000        -0.88680
0.019000        0.75000        -0.84995
0.021000        0.75000        -0.82699
0.023000        0.75000        -0.83856
0.025000        0.75000        -0.84790
0.027000        0.75000        -0.85501
0.029000        0.75000        -0.85989
0.031000        0.75000        -0.86255
0.033000        0.75000        -0.86297
0.035000        0.75000        -0.86116
0.037000        0.75000        -0.85713
0.039000        0.75000        -0.85086
0.041000        0.75000        -0.84700
0.043000        0.75000        -0.84702
0.045000        0.75000        -0.84677
0.047000        0.75000        -0.84626
0.049000        0.75000        -0.84548
0.051000        0.75000        -0.84444
0.053000        0.75000        -0.84314
0.055000        0.75000        -0.84157
0.057000        0.75000        -0.83974
0.059000        0.75000        -0.83764
0.061000        0.75000        -0.83582
0.063000        0.75000        -0.83445
0.065000        0.75000        -0.83304
0.067000        0.75000        -0.83160
0.069000        0.75000        -0.83013
0.071000        0.75000        -0.82863
0.073000        0.75000        -0.82709
0.075000        0.75000        -0.82553
0.077000        0.75000        -0.82393
0.079000        0.75000        -0.82229
0.081000        0.75000        -0.82069
0.083000        0.75000        -0.81913
0.085000        0.75000        -0.81757
0.087000        0.75000        -0.81600
0.089000        0.75000        -0.81443
0.091000        0.75000        -0.81285
0.093000        0.75000        -0.81127
0.095000        0.75000        -0.80968
0.097000        0.75000        -0.80808
0.099000        0.75000        -0.80648
0.10100         0.75000        -0.80488
0.10300         0.75000        -0.80328
0.10500         0.75000        -0.80168
0.10700         0.75000        -0.80008
0.10900         0.75000        -0.79848
0.11100         0.75000        -0.79687
0.11300         0.75000        -0.79526
0.11500         0.75000        -0.79365
0.11700         0.75000        -0.79203
0.11900         0.75000        -0.79042
0.12100         0.75000        -0.78880
0.12300         0.75000        -0.78718
0.12500         0.75000        -0.78556
0.12700         0.75000        -0.78393
0.12900         0.75000        -0.78231
0.13100         0.75000        -0.78068
0.13300         0.75000        -0.77905
0.13500         0.75000        -0.77742
0.13700         0.75000        -0.77578
0.13900         0.75000        -0.77415
0.14100         0.75000        -0.77251
0.14300         0.75000        -0.77087
0.14500         0.75000        -0.76923
0.14700         0.75000        -0.76758
0.14900         0.75000        -0.76594
0.15100         0.75000        -0.76429
0.15300         0.75000        -0.76264
0.15500         0.75000        -0.76099
0.15700         0.75000        -0.75934
0.15900         0.75000        -0.75769
0.16100         0.75000        -0.75603
0.16300         0.75000        -0.75437
0.16500         0.75000        -0.75271
0.16700         0.75000        -0.75105
0.16900         0.75000        -0.74939
0.17100         0.75000        -0.74773
0.17300         0.75000        -0.74606
0.17500         0.75000        -0.74439
0.17700         0.75000        -0.74273
0.17900         0.75000        -0.74106
0.18100         0.75000        -0.73938
0.18300         0.75000        -0.73771
0.18500         0.75000        -0.73603
0.18700         0.75000        -0.73436
0.18900         0.75000        -0.73268
0.19100         0.75000        -0.73100
0.19300         0.75000        -0.72932
0.19500         0.75000        -0.72764
0.19700         0.75000        -0.72595
0.19900         0.75000        -0.72427
0.20100         0.75000        -0.72258
0.20300         0.75000        -0.72089
0.20500         0.75000        -0.71920
0.20700         0.75000        -0.71751
0.20900         0.75000        -0.71582
0.21100         0.75000        -0.71413
0.21300         0.75000        -0.71243
0.21500         0.75000        -0.71073
0.21700         0.75000        -0.70904
0.21900         0.75000        -0.70734
0.22100         0.75000        -0.70564
0.22300         0.75000        -0.70394
0.22500         0.75000        -0.70223
0.22700         0.75000        -0.70053
0.22900         0.75000        -0.69882
0.23100         0.75000        -0.69712
0.23300         0.75000        -0.69541
0.23500         0.75000        -0.69370
0.23700         0.75000        -0.69199
0.23900         0.75000        -0.69028
0.24100         0.75000        -0.68856
0.24300         0.75000        -0.68685
0.24500         0.75000        -0.68513
0.24700         0.75000        -0.68342
0.24900         0.75000        -0.68170
0.25100         0.75000        -0.67998
0.25300         0.75000        -0.67826
0.25500         0.75000        -0.67654
0.25700         0.75000        -0.67482
0.25900         0.75000        -0.67310
0.26100         0.75000        -0.67137
0.26300         0.75000        -0.66965
0.26500         0.75000        -0.66792
0.26700         0.75000        -0.66619
0.26900         0.75000        -0.66446
0.27100         0.75000        -0.66273
0.27300         0.75000        -0.66100
0.27500         0.75000        -0.65927
0.27700         0.75000        -0.65754
0.27900         0.75000        -0.65580
0.28100         0.75000        -0.65407
0.28300         0.75000        -0.65233
0.28500         0.75000        -0.65060
0.28700         0.75000        -0.64886
0.28900         0.75000        -0.64712
0.29100         0.75000        -0.64538
0.29300         0.75000        -0.64364
0.29500         0.75000        -0.64190
0.29700         0.75000        -0.64016
0.29900         0.75000        -0.63841
0.30100         0.75000        -0.63667
0.30300         0.75000        -0.63492
0.30500         0.75000        -0.63317
0.30700         0.75000        -0.63143
0.30900         0.75000        -0.62968
0.31100         0.75000        -0.62793
0.31300         0.75000        -0.62618
0.31500         0.75000        -0.62443
0.31700         0.75000        -0.62268
0.31900         0.75000        -0.62093
0.32100         0.75000        -0.61917
0.32300         0.75000        -0.61742
0.32500         0.75000        -0.61566
0.32700         0.75000        -0.61391
0.32900         0.75000        -0.61215
0.33100         0.75000        -0.61039
0.33300         0.75000        -0.60863
0.33500         0.75000        -0.60687
0.33700         0.75000        -0.60511
0.33900         0.75000        -0.60335
0.34100         0.75000        -0.60159
0.34300         0.75000        -0.59983
0.34500         0.75000        -0.59807
0.34700         0.75000        -0.59630
0.34900         0.75000        -0.59454
0.35100         0.75000        -0.59277
0.35300         0.75000        -0.59101
0.35500         0.75000        -0.58924
0.35700         0.75000        -0.58747
0.35900         0.75000        -0.58570
0.36100         0.75000        -0.58393
0.36300         0.75000        -0.58216
0.36500         0.75000        -0.58039
0.36700         0.75000        -0.57862
0.36900         0.75000        -0.57685
0.37100         0.75000        -0.57508
0.37300         0.75000        -0.57330
0.37500         0.75000        -0.57153
0.37700         0.75000        -0.56975
0.37900         0.75000        -0.56798
0.38100         0.75000        -0.56620
0.38300         0.75000        -0.56442
0.38500         0.75000        -0.56265
0.38700         0.75000        -0.56087
0.38900         0.75000        -0.55909
0.39100         0.75000        -0.55731
0.39300         0.75000        -0.55553
0.39500         0.75000        -0.55375
0.39700         0.75000        -0.55197
0.39900         0.75000        -0.55018
0.40100         0.75000        -0.54840
0.40300         0.75000        -0.54662
0.40500         0.75000        -0.54483
0.40700         0.75000        -0.54305
0.40900         0.75000        -0.54126
0.41100         0.75000        -0.53948
0.41300         0.75000        -0.53769
0.41500         0.75000        -0.53591
0.41700         0.75000        -0.53412
0.41900         0.75000        -0.53233
0.42100         0.75000        -0.53054
0.42300         0.75000        -0.52875
0.42500         0.75000        -0.52696
0.42700         0.75000        -0.52517
0.42900         0.75000        -0.52338
0.43100         0.75000        -0.52159
0.43300         0.75000        -0.51980
0.43500         0.75000        -0.51800
0.43700         0.75000        -0.51621
0.43900         0.75000        -0.51442
0.44100         0.75000        -0.51262
0.44300         0.75000        -0.51083
0.44500         0.75000        -0.50903
0.44700         0.75000        -0.50724
0.44900         0.75000        -0.50544
0.45100         0.75000        -0.50364
0.45300         0.75000        -0.50185
0.45500         0.75000        -0.50005
0.45700         0.75000        -0.49825
0.45900         0.75000        -0.49645
0.46100         0.75000        -0.49465
0.46300         0.75000        -0.49285
0.46500         0.75000        -0.49105
0.46700         0.75000        -0.48925
0.46900         0.75000        -0.48745
0.47100         0.75000        -0.48565
0.47300         0.75000        -0.48384
0.47500         0.75000        -0.48204
0.47700         0.75000        -0.48024
0.47900         0.75000        -0.47844
0.48100         0.75000        -0.47663
0.48300         0.75000        -0.47483
0.48500         0.75000        -0.47302
0.48700         0.75000        -0.47122
0.48900         0.75000        -0.46941
0.49100         0.75000        -0.46760
0.49300         0.75000        -0.46580
0.49500         0.75000        -0.46399
0.49700         0.75000        -0.46218
0.49900         0.75000        -0.46037
0.50100         0.75000        -0.45856
0.50300         0.75000        -0.45676
0.50500         0.75000        -0.45495
0.50700         0.75000        -0.45314
0.50900         0.75000        -0.45133
0.51100         0.75000        -0.44952
0.51300         0.75000        -0.44770
0.51500         0.75000        -0.44589
0.51700         0.75000        -0.44408
0.51900         0.75000        -0.44227
0.52100         0.75000        -0.44046
0.52300         0.75000        -0.43864
0.52500         0.75000        -0.43683
0.52700         0.75000        -0.43502
0.52900         0.75000        -0.43320
0.53100         0.75000        -0.43139
0.53300         0.75000        -0.42957
0.53500         0.75000        -0.42776
0.53700         0.75000        -0.42594
0.53900         0.75000        -0.42413
0.54100         0.75000        -0.42231
0.54300         0.75000        -0.42049
0.54500         0.75000        -0.41868
0.54700         0.75000        -0.41686
0.54900         0.75000        -0.41504
0.55100         0.75000        -0.41322
0.55300         0.75000        -0.41140
0.55500         0.75000        -0.40959
0.55700         0.75000        -0.40777
0.55900         0.75000        -0.40595
0.56100         0.75000        -0.40413
0.56300         0.75000        -0.40231
0.56500         0.75000        -0.40049
0.56700         0.75000        -0.39867
0.56900         0.75000        -0.39684
0.57100         0.75000        -0.39502
0.57300         0.75000        -0.39320
0.57500         0.75000        -0.39138
0.57700         0.75000        -0.38956
0.57900         0.75000        -0.38773
0.58100         0.75000        -0.38591
0.58300         0.75000        -0.38409
0.58500         0.75000        -0.38226
0.58700         0.75000        -0.38044
0.58900         0.75000        -0.37861
0.59100         0.75000        -0.37679
0.59300         0.75000        -0.37497
0.59500         0.75000        -0.37314
0.59700         0.75000        -0.37131
0.59900         0.75000        -0.36949
0.60100         0.75000        -0.36766
0.60300         0.75000        -0.36584
0.60500         0.75000        -0.36401
0.60700         0.75000        -0.36218
0.60900         0.75000        -0.36036
0.61100         0.75000        -0.35853
0.61300         0.75000        -0.35670
0.61500         0.75000        -0.35487
0.61700         0.75000        -0.35304
0.61900         0.75000        -0.35122
0.62100         0.75000        -0.34939
0.62300         0.75000        -0.34756
0.62500         0.75000        -0.34573
0.62700         0.75000        -0.34390
0.62900         0.75000        -0.34207
0.63100         0.75000        -0.34024
0.63300         0.75000        -0.33841
0.63500         0.75000        -0.33658
0.63700         0.75000        -0.33475
0.63900         0.75000        -0.33292
0.64100         0.75000        -0.33109
0.64300         0.75000        -0.32925
0.64500         0.75000        -0.32742
0.64700         0.75000        -0.32559
0.64900         0.75000        -0.32376
0.65100         0.75000        -0.32193
0.65300         0.75000        -0.32009
0.65500         0.75000        -0.31826
0.65700         0.75000        -0.31643
0.65900         0.75000        -0.31459
0.66100         0.75000        -0.31276
0.66300         0.75000        -0.31093
0.66500         0.75000        -0.30909
0.66700         0.75000        -0.30726
0.66900         0.75000        -0.30542
0.67100         0.75000        -0.30359
0.67300         0.75000        -0.30175
0.67500         0.75000        -0.29992
0.67700         0.75000        -0.29808
0.67900         0.75000        -0.29625
0.68100         0.75000        -0.29441
0.68300         0.75000        -0.29258
0.68500         0.75000        -0.29074
0.68700         0.75000        -0.28890
0.68900         0.75000        -0.28707
0.69100         0.75000        -0.28523
0.69300         0.75000        -0.28339
0.69500         0.75000        -0.28156
0.69700         0.75000        -0.27972
0.69900         0.75000        -0.27788
0.70100         0.75000        -0.27604
0.70300         0.75000        -0.27421
0.70500         0.75000        -0.27237
0.70700         0.75000        -0.27053
0.70900         0.75000        -0.26869
0.71100         0.75000        -0.26685
0.71300         0.75000        -0.26501
0.71500         0.75000        -0.26317
0.71700         0.75000        -0.26133
0.71900         0.75000        -0.25950
0.72100         0.75000        -0.25766
0.72300         0.75000        -0.25582
0.72500         0.75000        -0.25398
0.72700         0.75000        -0.25214
0.72900         0.75000        -0.25030
0.73100         0.75000        -0.24846
0.73300         0.75000        -0.24662
0.73500         0.75000        -0.24478
0.73700         0.75000        -0.24293
0.73900         0.75000        -0.24109
0.74100         0.75000        -0.23925
0.74300         0.75000        -0.23741
0.74500         0.75000        -0.23557
0.74700         0.75000        -0.23373
0.74900         0.75000        -0.23189
0.75100         0.75000        -0.23004
0.75300         0.75000        -0.22820
0.75500         0.75000        -0.22636
0.75700         0.75000        -0.22452
0.75900         0.75000        -0.22268
0.76100         0.75000        -0.22083
0.76300         0.75000        -0.21899
0.76500         0.75000        -0.21715
0.76700         0.75000        -0.21530
0.76900         0.75000        -0.21346
0.77100         0.75000        -0.21162
0.77300         0.75000        -0.20977
0.77500         0.75000        -0.20793
0.77700         0.75000        -0.20609
0.77900         0.75000        -0.20424
0.78100         0.75000        -0.20240
0.78300         0.75000        -0.20056
0.78500         0.75000        -0.19871
0.78700         0.75000        -0.19687
0.78900         0.75000        -0.19502
0.79100         0.75000        -0.19318
0.79300         0.75000        -0.19133
0.79500         0.75000        -0.18949
0.79700         0.75000        -0.18764
0.79900         0.75000        -0.18580
0.80100         0.75000        -0.18395
0.80300         0.75000        -0.18211
0.80500         0.75000        -0.18026
0.80700         0.75000        -0.17842
0.80900         0.75000        -0.17657
0.81100         0.75000        -0.17473
0.81300         0.75000        -0.17288
0.81500         0.75000        -0.17103
0.81700         0.75000        -0.16919
0.81900         0.75000        -0.16734
0.82100         0.75000        -0.16550
0.82300         0.75000        -0.16365
0.82500         0.75000        -0.16180
0.82700         0.75000        -0.15996
0.82900         0.75000        -0.15811
0.83100         0.75000        -0.15626
0.83300         0.75000        -0.15442
0.83500         0.75000        -0.15257
0.83700         0.75000        -0.15072
0.83900         0.75000        -0.14888
0.84100         0.75000        -0.14703
0.84300         0.75000        -0.14518
0.84500         0.75000        -0.14333
0.84700         0.75000        -0.14149
0.84900         0.75000        -0.13964
0.85100         0.75000        -0.13779
0.85300         0.75000        -0.13594
0.85500         0.75000        -0.13410
0.85700         0.75000        -0.13225
0.85900         0.75000        -0.13040
0.86100         0.75000        -0.12855
0.86300         0.75000        -0.12671
0.86500         0.75000        -0.12486
0.86700         0.75000        -0.12301
0.86900         0.75000        -0.12116
0.87100         0.75000        -0.11931
0.87300         0.75000        -0.11746
0.87500         0.75000        -0.11562
0.87700         0.75000        -0.11377
0.87900         0.75000        -0.11192
0.88100         0.75000        -0.11007
0.88300         0.75000        -0.10822
0.88500         0.75000        -0.10637
0.88700         0.75000        -0.10452
0.88900         0.75000        -0.10268
0.89100         0.75000        -0.10083
0.89300         0.75000        -0.098977
0.89500         0.75000        -0.097128
0.89700         0.75000        -0.095279
0.89900         0.75000        -0.093430
0.90100         0.75000        -0.091581
0.90300         0.75000        -0.089731
0.90500         0.75000        -0.087882
0.90700         0.75000        -0.086033
0.90900         0.75000        -0.084183
0.91100         0.75000        -0.082334
0.91300         0.75000        -0.080484
0.91500         0.75000        -0.078635
0.91700         0.75000        -0.076785
0.91900         0.75000        -0.074935
0.92100         0.75000        -0.073086
0.92300         0.75000        -0.071236
0.92500         0.75000        -0.069386
0.92700         0.75000        -0.067536
0.92900         0.75000        -0.065686
0.93100         0.75000        -0.063836
0.93300         0.75000        -0.061987
0.93500         0.75000        -0.060137
0.93700         0.75000        -0.058287
0.93900         0.75000        -0.056437
0.94100         0.75000        -0.054586
0.94300         0.75000        -0.052736
0.94500         0.75000        -0.050886
0.94700         0.75000        -0.049036
0.94900         0.75000        -0.047186
0.95100         0.75000        -0.045336
0.95300         0.75000        -0.043485
0.95500         0.75000        -0.041635
0.95700         0.75000        -0.039785
0.95900         0.75000        -0.037935
0.96100         0.75000        -0.036084
0.96300         0.75000        -0.034234
0.96500         0.75000        -0.032383
0.96700         0.75000        -0.030533
0.96900         0.75000        -0.028683
0.97100         0.75000        -0.026832
0.97300         0.75000        -0.024982
0.97500         0.75000        -0.023131
0.97700         0.75000        -0.021281
0.97900         0.75000        -0.019430
0.98100         0.75000        -0.017580
0.98300         0.75000        -0.015729
0.98500         0.75000        -0.013879
0.98700         0.75000        -0.012028
0.98900         0.75000        -0.010178
0.99100         0.75000        -0.0083274
0.99300         0.75000        -0.0064769
0.99500         0.75000        -0.0046264
0.99700         0.75000        -0.0027758
0.99900         0.75000        -9.2527E-4
