-0.99900        1.0000         7.4934E-4
-0.99700        1.0000         0.0022480
-0.99500        1.0000         0.0037467
-0.99300        1.0000         0.0052454
-0.99100        1.0000         0.0067441
-0.98900        1.0000         0.0082428
-0.98700        1.0000         0.0097414
-0.98500        1.0000         0.011240
-0.98300        1.0000         0.012739
-0.98100        1.0000         0.014237
-0.97900        1.0000         0.015736
-0.97700        1.0000         0.017235
-0.97500        1.0000         0.018733
-0.97300        1.0000         0.020232
-0.97100        1.0000         0.021731
-0.96900        1.0000         0.023229
-0.96700        1.0000         0.024728
-0.96500        1.0000         0.026227
-0.96300        1.0000         0.027725
-0.96100        1.0000         0.029224
-0.95900        1.0000         0.030722
-0.95700        1.0000         0.032221
-0.95500        1.0000         0.033720
-0.95300        1.0000         0.035218
-0.95100        1.0000         0.036717
-0.94900        1.0000         0.038215
-0.94700        1.0000         0.039714
-0.94500        1.0000         0.041212
-0.94300        1.0000         0.042711
-0.94100        1.0000         0.044209
-0.93900        1.0000         0.045708
-0.93700        1.0000         0.047206
-0.93500        1.0000         0.048705
-0.93300        1.0000         0.050203
-0.93100        1.0000         0.051702
-0.92900        1.0000         0.053200
-0.92700        1.0000         0.054699
-0.92500        1.0000         0.056197
-0.92300        1.0000         0.057695
-0.92100        1.0000         0.059194
-0.91900        1.0000         0.060692
-0.91700        1.0000         0.062190
-0.91500        1.0000         0.063689
-0.91300        1.0000         0.065187
-0.91100        1.0000         0.066685
-0.90900        1.0000         0.068183
-0.90700        1.0000         0.069682
-0.90500        1.0000         0.071180
-0.90300        1.0000         0.072678
-0.90100        1.0000         0.074176
-0.89900        1.0000         0.075674
-0.89700        1.0000         0.077173
-0.89500        1.0000         0.078671
-0.89300        1.0000         0.080169
-0.89100        1.0000         0.081667
-0.88900        1.0000         0.083165
-0.88700        1.0000         0.084663
-0.88500        1.0000         0.086161
-0.88300        1.0000         0.087659
-0.88100        1.0000         0.089157
-0.87900        1.0000         0.090655
-0.87700        1.0000         0.092152
-0.87500        1.0000         0.093650
-0.87300        1.0000         0.095148
-0.87100        1.0000         0.096646
-0.86900        1.0000         0.098144
-0.86700        1.0000         0.099641
-0.86500        1.0000         0.10114
-0.86300        1.0000         0.10264
-0.86100        1.0000         0.10413
-0.85900        1.0000         0.10563
-0.85700        1.0000         0.10713
-0.85500        1.0000         0.10863
-0.85300        1.0000         0.11012
-0.85100        1.0000         0.11162
-0.84900        1.0000         0.11312
-0.84700        1.0000         0.11462
-0.84500        1.0000         0.11611
-0.84300        1.0000         0.11761
-0.84100        1.0000         0.11911
-0.83900        1.0000         0.12061
-0.83700        1.0000         0.12210
-0.83500        1.0000         0.12360
-0.83300        1.0000         0.12510
-0.83100        1.0000         0.12660
-0.82900        1.0000         0.12809
-0.82700        1.0000         0.12959
-0.82500        1.0000         0.13109
-0.82300        1.0000         0.13258
-0.82100        1.0000         0.13408
-0.81900        1.0000         0.13558
-0.81700        1.0000         0.13707
-0.81500        1.0000         0.13857
-0.81300        1.0000         0.14007
-0.81100        1.0000         0.14156
-0.80900        1.0000         0.14306
-0.80700        1.0000         0.14456
-0.80500        1.0000         0.14605
-0.80300        1.0000         0.14755
-0.80100        1.0000         0.14905
-0.79900        1.0000         0.15054
-0.79700        1.0000         0.15204
-0.79500        1.0000         0.15354
-0.79300        1.0000         0.15503
-0.79100        1.0000         0.15653
-0.78900        1.0000         0.15803
-0.78700        1.0000         0.15952
-0.78500        1.0000         0.16102
-0.78300        1.0000         0.16251
-0.78100        1.0000         0.16401
-0.77900        1.0000         0.16551
-0.77700        1.0000         0.16700
-0.77500        1.0000         0.16850
-0.77300        1.0000         0.16999
-0.77100        1.0000         0.17149
-0.76900        1.0000         0.17299
-0.76700        1.0000         0.17448
-0.76500        1.0000         0.17598
-0.76300        1.0000         0.17747
-0.76100        1.0000         0.17897
-0.75900        1.0000         0.18046
-0.75700        1.0000         0.18196
-0.75500        1.0000         0.18346
-0.75300        1.0000         0.18495
-0.75100        1.0000         0.18645
-0.74900        1.0000         0.18794
-0.74700        1.0000         0.18944
-0.74500        1.0000         0.19093
-0.74300        1.0000         0.19243
-0.74100        1.0000         0.19392
-0.73900        1.0000         0.19542
-0.73700        1.0000         0.19691
-0.73500        1.0000         0.19841
-0.73300        1.0000         0.19990
-0.73100        1.0000         0.20140
-0.72900        1.0000         0.20289
-0.72700        1.0000         0.20438
-0.72500        1.0000         0.20588
-0.72300        1.0000         0.20737
-0.72100        1.0000         0.20887
-0.71900        1.0000         0.21036
-0.71700        1.0000         0.21186
-0.71500        1.0000         0.21335
-0.71300        1.0000         0.21485
-0.71100        1.0000         0.21634
-0.70900        1.0000         0.21783
-0.70700        1.0000         0.21933
-0.70500        1.0000         0.22082
-0.70300        1.0000         0.22231
-0.70100        1.0000         0.22381
-0.69900        1.0000         0.22530
-0.69700        1.0000         0.22680
-0.69500        1.0000         0.22829
-0.69300        1.0000         0.22978
-0.69100        1.0000         0.23128
-0.68900        1.0000         0.23277
-0.68700        1.0000         0.23426
-0.68500        1.0000         0.23576
-0.68300        1.0000         0.23725
-0.68100        1.0000         0.23874
-0.67900        1.0000         0.24023
-0.67700        1.0000         0.24173
-0.67500        1.0000         0.24322
-0.67300        1.0000         0.24471
-0.67100        1.0000         0.24620
-0.66900        1.0000         0.24770
-0.66700        1.0000         0.24919
-0.66500        1.0000         0.25068
-0.66300        1.0000         0.25217
-0.66100        1.0000         0.25367
-0.65900        1.0000         0.25516
-0.65700        1.0000         0.25665
-0.65500        1.0000         0.25814
-0.65300        1.0000         0.25963
-0.65100        1.0000         0.26113
-0.64900        1.0000         0.26262
-0.64700        1.0000         0.26411
-0.64500        1.0000         0.26560
-0.64300        1.0000         0.26709
-0.64100        1.0000         0.26858
-0.63900        1.0000         0.27008
-0.63700        1.0000         0.27157
-0.63500        1.0000         0.27306
-0.63300        1.0000         0.27455
-0.63100        1.0000         0.27604
-0.62900        1.0000         0.27753
-0.62700        1.0000         0.27902
-0.62500        1.0000         0.28051
-0.62300        1.0000         0.28200
-0.62100        1.0000         0.28349
-0.61900        1.0000         0.28498
-0.61700        1.0000         0.28647
-0.61500        1.0000         0.28796
-0.61300        1.0000         0.28945
-0.61100        1.0000         0.29094
-0.60900        1.0000         0.29243
-0.60700        1.0000         0.29392
-0.60500        1.0000         0.29541
-0.60300        1.0000         0.29690
-0.60100        1.0000         0.29839
-0.59900        1.0000         0.29988
-0.59700        1.0000         0.30137
-0.59500        1.0000         0.30286
-0.59300        1.0000         0.30435
-0.59100        1.0000         0.30584
-0.58900        1.0000         0.30733
-0.58700        1.0000         0.30881
-0.58500        1.0000         0.31030
-0.58300        1.0000         0.31179
-0.58100        1.0000         0.31328
-0.57900        1.0000         0.31477
-0.57700        1.0000         0.31626
-0.57500        1.0000         0.31774
-0.57300        1.0000         0.31923
-0.57100        1.0000         0.32072
-0.56900        1.0000         0.32221
-0.56700        1.0000         0.32369
-0.56500        1.0000         0.32518
-0.56300        1.0000         0.32667
-0.56100        1.0000         0.32816
-0.55900        1.0000         0.32964
-0.55700        1.0000         0.33113
-0.55500        1.0000         0.33262
-0.55300        1.0000         0.33410
-0.55100        1.0000         0.33559
-0.54900        1.0000         0.33708
-0.54700        1.0000         0.33856
-0.54500        1.0000         0.34005
-0.54300        1.0000         0.34154
-0.54100        1.0000         0.34302
-0.53900        1.0000         0.34451
-0.53700        1.0000         0.34599
-0.53500        1.0000         0.34748
-0.53300        1.0000         0.34897
-0.53100        1.0000         0.35045
-0.52900        1.0000         0.35194
-0.52700        1.0000         0.35342
-0.52500        1.0000         0.35491
-0.52300        1.0000         0.35639
-0.52100        1.0000         0.35788
-0.51900        1.0000         0.35936
-0.51700        1.0000         0.36085
-0.51500        1.0000         0.36233
-0.51300        1.0000         0.36381
-0.51100        1.0000         0.36530
-0.50900        1.0000         0.36678
-0.50700        1.0000         0.36827
-0.50500        1.0000         0.36975
-0.50300        1.0000         0.37123
-0.50100        1.0000         0.37272
-0.49900        1.0000         0.37420
-0.49700        1.0000         0.37568
-0.49500        1.0000         0.37717
-0.49300        1.0000         0.37865
-0.49100        1.0000         0.38013
-0.48900        1.0000         0.38161
-0.48700        1.0000         0.38310
-0.48500        1.0000         0.38458
-0.48300        1.0000         0.38606
-0.48100        1.0000         0.38754
-0.47900        1.0000         0.38902
-0.47700        1.0000         0.39051
-0.47500        1.0000         0.39199
-0.47300        1.0000         0.39347
-0.47100        1.0000         0.39495
-0.46900        1.0000         0.39643
-0.46700        1.0000         0.39791
-0.46500        1.0000         0.39939
-0.46300        1.0000         0.40087
-0.46100        1.0000         0.40235
-0.45900        1.0000         0.40383
-0.45700        1.0000         0.40531
-0.45500        1.0000         0.40679
-0.45300        1.0000         0.40827
-0.45100        1.0000         0.40975
-0.44900        1.0000         0.41123
-0.44700        1.0000         0.41271
-0.44500        1.0000         0.41419
-0.44300        1.0000         0.41567
-0.44100        1.0000         0.41715
-0.43900        1.0000         0.41863
-0.43700        1.0000         0.42011
-0.43500        1.0000         0.42158
-0.43300        1.0000         0.42306
-0.43100        1.0000         0.42454
-0.42900        1.0000         0.42602
-0.42700        1.0000         0.42750
-0.42500        1.0000         0.42897
-0.42300        1.0000         0.43045
-0.42100        1.0000         0.43193
-0.41900        1.0000         0.43340
-0.41700        1.0000         0.43488
-0.41500        1.0000         0.43636
-0.41300        1.0000         0.43783
-0.41100        1.0000         0.43931
-0.40900        1.0000         0.44079
-0.40700        1.0000         0.44226
-0.40500        1.0000         0.44374
-0.40300        1.0000         0.44521
-0.40100        1.0000         0.44669
-0.39900        1.0000         0.44816
-0.39700        1.0000         0.44964
-0.39500        1.0000         0.45111
-0.39300        1.0000         0.45259
-0.39100        1.0000         0.45406
-0.38900        1.0000         0.45554
-0.38700        1.0000         0.45701
-0.38500        1.0000         0.45848
-0.38300        1.0000         0.45996
-0.38100        1.0000         0.46143
-0.37900        1.0000         0.46290
-0.37700        1.0000         0.46438
-0.37500        1.0000         0.46585
-0.37300        1.0000         0.46732
-0.37100        1.0000         0.46879
-0.36900        1.0000         0.47027
-0.36700        1.0000         0.47174
-0.36500        1.0000         0.47321
-0.36300        1.0000         0.47468
-0.36100        1.0000         0.47615
-0.35900        1.0000         0.47762
-0.35700        1.0000         0.47909
-0.35500        1.0000         0.48056
-0.35300        1.0000         0.48203
-0.35100        1.0000         0.48350
-0.34900        1.0000         0.48497
-0.34700        1.0000         0.48644
-0.34500        1.0000         0.48791
-0.34300        1.0000         0.48938
-0.34100        1.0000         0.49085
-0.33900        1.0000         0.49232
-0.33700        1.0000         0.49379
-0.33500        1.0000         0.49526
-0.33300        1.0000         0.49673
-0.33100        1.0000         0.49819
-0.32900        1.0000         0.49966
-0.32700        1.0000         0.50113
-0.32500        1.0000         0.50260
-0.32300        1.0000         0.50406
-0.32100        1.0000         0.50553
-0.31900        1.0000         0.50700
-0.31700        1.0000         0.50846
-0.31500        1.0000         0.50993
-0.31300        1.0000         0.51139
-0.31100        1.0000         0.51286
-0.30900        1.0000         0.51433
-0.30700        1.0000         0.51579
-0.30500        1.0000         0.51725
-0.30300        1.0000         0.51872
-0.30100        1.0000         0.52018
-0.29900        1.0000         0.52165
-0.29700        1.0000         0.52311
-0.29500        1.0000         0.52458
-0.29300        1.0000         0.52604
-0.29100        1.0000         0.52750
-0.28900        1.0000         0.52896
-0.28700        1.0000         0.53043
-0.28500        1.0000         0.53189
-0.28300        1.0000         0.53335
-0.28100        1.0000         0.53481
-0.27900        1.0000         0.53627
-0.27700        1.0000         0.53774
-0.27500        1.0000         0.53920
-0.27300        1.0000         0.54066
-0.27100        1.0000         0.54212
-0.26900        1.0000         0.54358
-0.26700        1.0000         0.54504
-0.26500        1.0000         0.54650
-0.26300        1.0000         0.54796
-0.26100        1.0000         0.54942
-0.25900        1.0000         0.55087
-0.25700        1.0000         0.55233
-0.25500        1.0000         0.55379
-0.25300        1.0000         0.55525
-0.25100        1.0000         0.55671
-0.24900        1.0000         0.55816
-0.24700        1.0000         0.55962
-0.24500        1.0000         0.56108
-0.24300        1.0000         0.56253
-0.24100        1.0000         0.56399
-0.23900        1.0000         0.56545
-0.23700        1.0000         0.56690
-0.23500        1.0000         0.56836
-0.23300        1.0000         0.56981
-0.23100        1.0000         0.57127
-0.22900        1.0000         0.57272
-0.22700        1.0000         0.57417
-0.22500        1.0000         0.57563
-0.22300        1.0000         0.57708
-0.22100        1.0000         0.57853
-0.21900        1.0000         0.57999
-0.21700        1.0000         0.58144
-0.21500        1.0000         0.58289
-0.21300        1.0000         0.58434
-0.21100        1.0000         0.58580
-0.20900        1.0000         0.58725
-0.20700        1.0000         0.58870
-0.20500        1.0000         0.59015
-0.20300        1.0000         0.59160
-0.20100        1.0000         0.59305
-0.19900        1.0000         0.59450
-0.19700        1.0000         0.59595
-0.19500        1.0000         0.59740
-0.19300        1.0000         0.59884
-0.19100        1.0000         0.60029
-0.18900        1.0000         0.60174
-0.18700        1.0000         0.60319
-0.18500        1.0000         0.60464
-0.18300        1.0000         0.60608
-0.18100        1.0000         0.60753
-0.17900        1.0000         0.60898
-0.17700        1.0000         0.61042
-0.17500        1.0000         0.61187
-0.17300        1.0000         0.61331
-0.17100        1.0000         0.61476
-0.16900        1.0000         0.61620
-0.16700        1.0000         0.61765
-0.16500        1.0000         0.61909
-0.16300        1.0000         0.62053
-0.16100        1.0000         0.62198
-0.15900        1.0000         0.62342
-0.15700        1.0000         0.62486
-0.15500        1.0000         0.62630
-0.15300        1.0000         0.62774
-0.15100        1.0000         0.62919
-0.14900        1.0000         0.63063
-0.14700        1.0000         0.63207
-0.14500        1.0000         0.63351
-0.14300        1.0000         0.63495
-0.14100        1.0000         0.63639
-0.13900        1.0000         0.63783
-0.13700        1.0000         0.63926
-0.13500        1.0000         0.64070
-0.13300        1.0000         0.64214
-0.13100        1.0000         0.64358
-0.12900        1.0000         0.64502
-0.12700        1.0000         0.64645
-0.12500        1.0000         0.64789
-0.12300        1.0000         0.64932
-0.12100        1.0000         0.65076
-0.11900        1.0000         0.65219
-0.11700        1.0000         0.65363
-0.11500        1.0000         0.65506
-0.11300        1.0000         0.65650
-0.11100        1.0000         0.65793
-0.10900        1.0000         0.65936
-0.10700        1.0000         0.66080
-0.10500        1.0000         0.66223
-0.10300        1.0000         0.66366
-0.10100        1.0000         0.66509
-0.099000       1.0000         0.66652
-0.097000       1.0000         0.66796
-0.095000       1.0000         0.66939
-0.093000       1.0000         0.67082
-0.091000       1.0000         0.67225
-0.089000       1.0000         0.67367
-0.087000       1.0000         0.67510
-0.085000       1.0000         0.67652
-0.083000       1.0000         0.67795
-0.081000       1.0000         0.67937
-0.079000       1.0000         0.68081
-0.077000       1.0000         0.68225
-0.075000       1.0000         0.68368
-0.073000       1.0000         0.68510
-0.071000       1.0000         0.68652
-0.069000       1.0000         0.68792
-0.067000       1.0000         0.68932
-0.065000       1.0000         0.69070
-0.063000       1.0000         0.69208
-0.061000       1.0000         0.69344
-0.059000       1.0000         0.69497
-0.057000       1.0000         0.69658
-0.055000       1.0000         0.69808
-0.053000       1.0000         0.69947
-0.051000       1.0000         0.70076
-0.049000       1.0000         0.70193
-0.047000       1.0000         0.70300
-0.045000       1.0000         0.70396
-0.043000       1.0000         0.70480
-0.041000       1.0000         0.70554
-0.039000       1.0000         0.70816
-0.037000       1.0000         0.71179
-0.035000       1.0000         0.71417
-0.033000       1.0000         0.71528
-0.031000       1.0000         0.71514
-0.029000       1.0000         0.71375
-0.027000       1.0000         0.71109
-0.025000       1.0000         0.70718
-0.023000       1.0000         0.70201
-0.021000       1.0000         0.69558
-0.019000       1.0000         0.70509
-0.017000       1.0000         0.71640
-0.015000       1.0000         0.70757
-0.013000       1.0000         0.67863
-0.011000       1.0000         0.62956
-0.0090000      1.0000         0.56037
-0.0070000      1.0000         0.47106
-0.0050000      1.0000         0.36162
-0.0030000      1.0000         0.23207
-0.0010000      1.0000         0.082386
0.0010000       1.0000         -0.082386
0.0030000       1.0000         -0.23207
0.0050000       1.0000         -0.36162
0.0070000       1.0000         -0.47106
0.0090000       1.0000         -0.56037
0.011000        1.0000         -0.62956
0.013000        1.0000         -0.67863
0.015000        1.0000         -0.70757
0.017000        1.0000         -0.71640
0.019000        1.0000         -0.70509
0.021000        1.0000         -0.69558
0.023000        1.0000         -0.70201
0.025000        1.0000         -0.70718
0.027000        1.0000         -0.71109
0.029000        1.0000         -0.71375
0.031000        1.0000         -0.71514
0.033000        1.0000         -0.71528
0.035000        1.0000         -0.71417
0.037000        1.0000         -0.71179
0.039000        1.0000         -0.70816
0.041000        1.0000         -0.70554
0.043000        1.0000         -0.70480
0.045000        1.0000         -0.70396
0.047000        1.0000         -0.70300
0.049000        1.0000         -0.70193
0.051000        1.0000         -0.70076
0.053000        1.0000         -0.69947
0.055000        1.0000         -0.69808
0.057000        1.0000         -0.69658
0.059000        1.0000         -0.69497
0.061000        1.0000         -0.69344
0.063000        1.0000         -0.69208
0.065000        1.0000         -0.69070
0.067000        1.0000         -0.68932
0.069000        1.0000         -0.68792
0.071000        1.0000         -0.68652
0.073000        1.0000         -0.68510
0.075000        1.0000         -0.68368
0.077000        1.0000         -0.68225
0.079000        1.0000         -0.68081
0.081000        1.0000         -0.67937
0.083000        1.0000         -0.67795
0.085000        1.0000         -0.67652
0.087000        1.0000         -0.67510
0.089000        1.0000         -0.67367
0.091000        1.0000         -0.67225
0.093000        1.0000         -0.67082
0.095000        1.0000         -0.66939
0.097000        1.0000         -0.66796
0.099000        1.0000         -0.66652
0.10100         1.0000         -0.66509
0.10300         1.0000         -0.66366
0.10500         1.0000         -0.66223
0.10700         1.0000         -0.66080
0.10900         1.0000         -0.65936
0.11100         1.0000         -0.65793
0.11300         1.0000         -0.65650
0.11500         1.0000         -0.65506
0.11700         1.0000         -0.65363
0.11900         1.0000         -0.65219
0.12100         1.0000         -0.65076
0.12300         1.0000         -0.64932
0.12500         1.0000         -0.64789
0.12700         1.0000         -0.64645
0.12900         1.0000         -0.64502
0.13100         1.0000         -0.64358
0.13300         1.0000         -0.64214
0.13500         1.0000         -0.64070
0.13700         1.0000         -0.63926
0.13900         1.0000         -0.63783
0.14100         1.0000         -0.63639
0.14300         1.0000         -0.63495
0.14500         1.0000         -0.63351
0.14700         1.0000         -0.63207
0.14900         1.0000         -0.63063
0.15100         1.0000         -0.62919
0.15300         1.0000         -0.62774
0.15500         1.0000         -0.62630
0.15700         1.0000         -0.62486
0.15900         1.0000         -0.62342
0.16100         1.0000         -0.62198
0.16300         1.0000         -0.62053
0.16500         1.0000         -0.61909
0.16700         1.0000         -0.61765
0.16900         1.0000         -0.61620
0.17100         1.0000         -0.61476
0.17300         1.0000         -0.61331
0.17500         1.0000         -0.61187
0.17700         1.0000         -0.61042
0.17900         1.0000         -0.60898
0.18100         1.0000         -0.60753
0.18300         1.0000         -0.60608
0.18500         1.0000         -0.60464
0.18700         1.0000         -0.60319
0.18900         1.0000         -0.60174
0.19100         1.0000         -0.60029
0.19300         1.0000         -0.59884
0.19500         1.0000         -0.59740
0.19700         1.0000         -0.59595
0.19900         1.0000         -0.59450
0.20100         1.0000         -0.59305
0.20300         1.0000         -0.59160
0.20500         1.0000         -0.59015
0.20700         1.0000         -0.58870
0.20900         1.0000         -0.58725
0.21100         1.0000         -0.58580
0.21300         1.0000         -0.58434
0.21500         1.0000         -0.58289
0.21700         1.0000         -0.58144
0.21900         1.0000         -0.57999
0.22100         1.0000         -0.57853
0.22300         1.0000         -0.57708
0.22500         1.0000         -0.57563
0.22700         1.0000         -0.57417
0.22900         1.0000         -0.57272
0.23100         1.0000         -0.57127
0.23300         1.0000         -0.56981
0.23500         1.0000         -0.56836
0.23700         1.0000         -0.56690
0.23900         1.0000         -0.56545
0.24100         1.0000         -0.56399
0.24300         1.0000         -0.56253
0.24500         1.0000         -0.56108
0.24700         1.0000         -0.55962
0.24900         1.0000         -0.55816
0.25100         1.0000         -0.55671
0.25300         1.0000         -0.55525
0.25500         1.0000         -0.55379
0.25700         1.0000         -0.55233
0.25900         1.0000         -0.55087
0.26100         1.0000         -0.54942
0.26300         1.0000         -0.54796
0.26500         1.0000         -0.54650
0.26700         1.0000         -0.54504
0.26900         1.0000         -0.54358
0.27100         1.0000         -0.54212
0.27300         1.0000         -0.54066
0.27500         1.0000         -0.53920
0.27700         1.0000         -0.53774
0.27900         1.0000         -0.53627
0.28100         1.0000         -0.53481
0.28300         1.0000         -0.53335
0.28500         1.0000         -0.53189
0.28700         1.0000         -0.53043
0.28900         1.0000         -0.52896
0.29100         1.0000         -0.52750
0.29300         1.0000         -0.52604
0.29500         1.0000         -0.52458
0.29700         1.0000         -0.52311
0.29900         1.0000         -0.52165
0.30100         1.0000         -0.52018
0.30300         1.0000         -0.51872
0.30500         1.0000         -0.51725
0.30700         1.0000         -0.51579
0.30900         1.0000         -0.51433
0.31100         1.0000         -0.51286
0.31300         1.0000         -0.51139
0.31500         1.0000         -0.50993
0.31700         1.0000         -0.50846
0.31900         1.0000         -0.50700
0.32100         1.0000         -0.50553
0.32300         1.0000         -0.50406
0.32500         1.0000         -0.50260
0.32700         1.0000         -0.50113
0.32900         1.0000         -0.49966
0.33100         1.0000         -0.49819
0.33300         1.0000         -0.49673
0.33500         1.0000         -0.49526
0.33700         1.0000         -0.49379
0.33900         1.0000         -0.49232
0.34100         1.0000         -0.49085
0.34300         1.0000         -0.48938
0.34500         1.0000         -0.48791
0.34700         1.0000         -0.48644
0.34900         1.0000         -0.48497
0.35100         1.0000         -0.48350
0.35300         1.0000         -0.48203
0.35500         1.0000         -0.48056
0.35700         1.0000         -0.47909
0.35900         1.0000         -0.47762
0.36100         1.0000         -0.47615
0.36300         1.0000         -0.47468
0.36500         1.0000         -0.47321
0.36700         1.0000         -0.47174
0.36900         1.0000         -0.47027
0.37100         1.0000         -0.46879
0.37300         1.0000         -0.46732
0.37500         1.0000         -0.46585
0.37700         1.0000         -0.46438
0.37900         1.0000         -0.46290
0.38100         1.0000         -0.46143
0.38300         1.0000         -0.45996
0.38500         1.0000         -0.45848
0.38700         1.0000         -0.45701
0.38900         1.0000         -0.45554
0.39100         1.0000         -0.45406
0.39300         1.0000         -0.45259
0.39500         1.0000         -0.45111
0.39700         1.0000         -0.44964
0.39900         1.0000         -0.44816
0.40100         1.0000         -0.44669
0.40300         1.0000         -0.44521
0.40500         1.0000         -0.44374
0.40700         1.0000         -0.44226
0.40900         1.0000         -0.44079
0.41100         1.0000         -0.43931
0.41300         1.0000         -0.43783
0.41500         1.0000         -0.43636
0.41700         1.0000         -0.43488
0.41900         1.0000         -0.43340
0.42100         1.0000         -0.43193
0.42300         1.0000         -0.43045
0.42500         1.0000         -0.42897
0.42700         1.0000         -0.42750
0.42900         1.0000         -0.42602
0.43100         1.0000         -0.42454
0.43300         1.0000         -0.42306
0.43500         1.0000         -0.42158
0.43700         1.0000         -0.42011
0.43900         1.0000         -0.41863
0.44100         1.0000         -0.41715
0.44300         1.0000         -0.41567
0.44500         1.0000         -0.41419
0.44700         1.0000         -0.41271
0.44900         1.0000         -0.41123
0.45100         1.0000         -0.40975
0.45300         1.0000         -0.40827
0.45500         1.0000         -0.40679
0.45700         1.0000         -0.40531
0.45900         1.0000         -0.40383
0.46100         1.0000         -0.40235
0.46300         1.0000         -0.40087
0.46500         1.0000         -0.39939
0.46700         1.0000         -0.39791
0.46900         1.0000         -0.39643
0.47100         1.0000         -0.39495
0.47300         1.0000         -0.39347
0.47500         1.0000         -0.39199
0.47700         1.0000         -0.39051
0.47900         1.0000         -0.38902
0.48100         1.0000         -0.38754
0.48300         1.0000         -0.38606
0.48500         1.0000         -0.38458
0.48700         1.0000         -0.38310
0.48900         1.0000         -0.38161
0.49100         1.0000         -0.38013
0.49300         1.0000         -0.37865
0.49500         1.0000         -0.37717
0.49700         1.0000         -0.37568
0.49900         1.0000         -0.37420
0.50100         1.0000         -0.37272
0.50300         1.0000         -0.37123
0.50500         1.0000         -0.36975
0.50700         1.0000         -0.36827
0.50900         1.0000         -0.36678
0.51100         1.0000         -0.36530
0.51300         1.0000         -0.36381
0.51500         1.0000         -0.36233
0.51700         1.0000         -0.36085
0.51900         1.0000         -0.35936
0.52100         1.0000         -0.35788
0.52300         1.0000         -0.35639
0.52500         1.0000         -0.35491
0.52700         1.0000         -0.35342
0.52900         1.0000         -0.35194
0.53100         1.0000         -0.35045
0.53300         1.0000         -0.34897
0.53500         1.0000         -0.34748
0.53700         1.0000         -0.34599
0.53900         1.0000         -0.34451
0.54100         1.0000         -0.34302
0.54300         1.0000         -0.34154
0.54500         1.0000         -0.34005
0.54700         1.0000         -0.33856
0.54900         1.0000         -0.33708
0.55100         1.0000         -0.33559
0.55300         1.0000         -0.33410
0.55500         1.0000         -0.33262
0.55700         1.0000         -0.33113
0.55900         1.0000         -0.32964
0.56100         1.0000         -0.32816
0.56300         1.0000         -0.32667
0.56500         1.0000         -0.32518
0.56700         1.0000         -0.32369
0.56900         1.0000         -0.32221
0.57100         1.0000         -0.32072
0.57300         1.0000         -0.31923
0.57500         1.0000         -0.31774
0.57700         1.0000         -0.31626
0.57900         1.0000         -0.31477
0.58100         1.0000         -0.31328
0.58300         1.0000         -0.31179
0.58500         1.0000         -0.31030
0.58700         1.0000         -0.30881
0.58900         1.0000         -0.30733
0.59100         1.0000         -0.30584
0.59300         1.0000         -0.30435
0.59500         1.0000         -0.30286
0.59700         1.0000         -0.30137
0.59900         1.0000         -0.29988
0.60100         1.0000         -0.29839
0.60300         1.0000         -0.29690
0.60500         1.0000         -0.29541
0.60700         1.0000         -0.29392
0.60900         1.0000         -0.29243
0.61100         1.0000         -0.29094
0.61300         1.0000         -0.28945
0.61500         1.0000         -0.28796
0.61700         1.0000         -0.28647
0.61900         1.0000         -0.28498
0.62100         1.0000         -0.28349
0.62300         1.0000         -0.28200
0.62500         1.0000         -0.28051
0.62700         1.0000         -0.27902
0.62900         1.0000         -0.27753
0.63100         1.0000         -0.27604
0.63300         1.0000         -0.27455
0.63500         1.0000         -0.27306
0.63700         1.0000         -0.27157
0.63900         1.0000         -0.27008
0.64100         1.0000         -0.26858
0.64300         1.0000         -0.26709
0.64500         1.0000         -0.26560
0.64700         1.0000         -0.26411
0.64900         1.0000         -0.26262
0.65100         1.0000         -0.26113
0.65300         1.0000         -0.25963
0.65500         1.0000         -0.25814
0.65700         1.0000         -0.25665
0.65900         1.0000         -0.25516
0.66100         1.0000         -0.25367
0.66300         1.0000         -0.25217
0.66500         1.0000         -0.25068
0.66700         1.0000         -0.24919
0.66900         1.0000         -0.24770
0.67100         1.0000         -0.24620
0.67300         1.0000         -0.24471
0.67500         1.0000         -0.24322
0.67700         1.0000         -0.24173
0.67900         1.0000         -0.24023
0.68100         1.0000         -0.23874
0.68300         1.0000         -0.23725
0.68500         1.0000         -0.23576
0.68700         1.0000         -0.23426
0.68900         1.0000         -0.23277
0.69100         1.0000         -0.23128
0.69300         1.0000         -0.22978
0.69500         1.0000         -0.22829
0.69700         1.0000         -0.22680
0.69900         1.0000         -0.22530
0.70100         1.0000         -0.22381
0.70300         1.0000         -0.22231
0.70500         1.0000         -0.22082
0.70700         1.0000         -0.21933
0.70900         1.0000         -0.21783
0.71100         1.0000         -0.21634
0.71300         1.0000         -0.21485
0.71500         1.0000         -0.21335
0.71700         1.0000         -0.21186
0.71900         1.0000         -0.21036
0.72100         1.0000         -0.20887
0.72300         1.0000         -0.20737
0.72500         1.0000         -0.20588
0.72700         1.0000         -0.20438
0.72900         1.0000         -0.20289
0.73100         1.0000         -0.20140
0.73300         1.0000         -0.19990
0.73500         1.0000         -0.19841
0.73700         1.0000         -0.19691
0.73900         1.0000         -0.19542
0.74100         1.0000         -0.19392
0.74300         1.0000         -0.19243
0.74500         1.0000         -0.19093
0.74700         1.0000         -0.18944
0.74900         1.0000         -0.18794
0.75100         1.0000         -0.18645
0.75300         1.0000         -0.18495
0.75500         1.0000         -0.18346
0.75700         1.0000         -0.18196
0.75900         1.0000         -0.18046
0.76100         1.0000         -0.17897
0.76300         1.0000         -0.17747
0.76500         1.0000         -0.17598
0.76700         1.0000         -0.17448
0.76900         1.0000         -0.17299
0.77100         1.0000         -0.17149
0.77300         1.0000         -0.16999
0.77500         1.0000         -0.16850
0.77700         1.0000         -0.16700
0.77900         1.0000         -0.16551
0.78100         1.0000         -0.16401
0.78300         1.0000         -0.16251
0.78500         1.0000         -0.16102
0.78700         1.0000         -0.15952
0.78900         1.0000         -0.15803
0.79100         1.0000         -0.15653
0.79300         1.0000         -0.15503
0.79500         1.0000         -0.15354
0.79700         1.0000         -0.15204
0.79900         1.0000         -0.15054
0.80100         1.0000         -0.14905
0.80300         1.0000         -0.14755
0.80500         1.0000         -0.14605
0.80700         1.0000         -0.14456
0.80900         1.0000         -0.14306
0.81100         1.0000         -0.14156
0.81300         1.0000         -0.14007
0.81500         1.0000         -0.13857
0.81700         1.0000         -0.13707
0.81900         1.0000         -0.13558
0.82100         1.0000         -0.13408
0.82300         1.0000         -0.13258
0.82500         1.0000         -0.13109
0.82700         1.0000         -0.12959
0.82900         1.0000         -0.12809
0.83100         1.0000         -0.12660
0.83300         1.0000         -0.12510
0.83500         1.0000         -0.12360
0.83700         1.0000         -0.12210
0.83900         1.0000         -0.12061
0.84100         1.0000         -0.11911
0.84300         1.0000         -0.11761
0.84500         1.0000         -0.11611
0.84700         1.0000         -0.11462
0.84900         1.0000         -0.11312
0.85100         1.0000         -0.11162
0.85300         1.0000         -0.11012
0.85500         1.0000         -0.10863
0.85700         1.0000         -0.10713
0.85900         1.0000         -0.10563
0.86100         1.0000         -0.10413
0.86300         1.0000         -0.10264
0.86500         1.0000         -0.10114
0.86700         1.0000         -0.099641
0.86900         1.0000         -0.098144
0.87100         1.0000         -0.096646
0.87300         1.0000         -0.095148
0.87500         1.0000         -0.093650
0.87700         1.0000         -0.092152
0.87900         1.0000         -0.090655
0.88100         1.0000         -0.089157
0.88300         1.0000         -0.087659
0.88500         1.0000         -0.086161
0.88700         1.0000         -0.084663
0.88900         1.0000         -0.083165
0.89100         1.0000         -0.081667
0.89300         1.0000         -0.080169
0.89500         1.0000         -0.078671
0.89700         1.0000         -0.077173
0.89900         1.0000         -0.075674
0.90100         1.0000         -0.074176
0.90300         1.0000         -0.072678
0.90500         1.0000         -0.071180
0.90700         1.0000         -0.069682
0.90900         1.0000         -0.068183
0.91100         1.0000         -0.066685
0.91300         1.0000         -0.065187
0.91500         1.0000         -0.063689
0.91700         1.0000         -0.062190
0.91900         1.0000         -0.060692
0.92100         1.0000         -0.059194
0.92300         1.0000         -0.057695
0.92500         1.0000         -0.056197
0.92700         1.0000         -0.054699
0.92900         1.0000         -0.053200
0.93100         1.0000         -0.051702
0.93300         1.0000         -0.050203
0.93500         1.0000         -0.048705
0.93700         1.0000         -0.047206
0.93900         1.0000         -0.045708
0.94100         1.0000         -0.044209
0.94300         1.0000         -0.042711
0.94500         1.0000         -0.041212
0.94700         1.0000         -0.039714
0.94900         1.0000         -0.038215
0.95100         1.0000         -0.036717
0.95300         1.0000         -0.035218
0.95500         1.0000         -0.033720
0.95700         1.0000         -0.032221
0.95900         1.0000         -0.030722
0.96100         1.0000         -0.029224
0.96300         1.0000         -0.027725
0.96500         1.0000         -0.026227
0.96700         1.0000         -0.024728
0.96900         1.0000         -0.023229
0.97100         1.0000         -0.021731
0.97300         1.0000         -0.020232
0.97500         1.0000         -0.018733
0.97700         1.0000         -0.017235
0.97900         1.0000         -0.015736
0.98100         1.0000         -0.014237
0.98300         1.0000         -0.012739
0.98500         1.0000         -0.011240
0.98700         1.0000         -0.0097414
0.98900         1.0000         -0.0082428
0.99100         1.0000         -0.0067441
0.99300         1.0000         -0.0052454
0.99500         1.0000         -0.0037467
0.99700         1.0000         -0.0022480
0.99900         1.0000         -7.4934E-4
