-0.99900        0.75000        -0.83979
-0.99700        0.75000        -0.83978
-0.99500        0.75000        -0.83977
-0.99300        0.75000        -0.83975
-0.99100        0.75000        -0.83973
-0.98900        0.75000        -0.83971
-0.98700        0.75000        -0.83967
-0.98500        0.75000        -0.83964
-0.98300        0.75000        -0.83959
-0.98100        0.75000        -0.83955
-0.97900        0.75000        -0.83950
-0.97700        0.75000        -0.83944
-0.97500        0.75000        -0.83939
-0.97300        0.75000        -0.83934
-0.97100        0.75000        -0.83928
-0.96900        0.75000        -0.83923
-0.96700        0.75000        -0.83919
-0.96500        0.75000        -0.83914
-0.96300        0.75000        -0.83909
-0.96100        0.75000        -0.83905
-0.95900        0.75000        -0.83900
-0.95700        0.75000        -0.83897
-0.95500        0.75000        -0.83895
-0.95300        0.75000        -0.83894
-0.95100        0.75000        -0.83894
-0.94900        0.75000        -0.83895
-0.94700        0.75000        -0.83898
-0.94500        0.75000        -0.83902
-0.94300        0.75000        -0.83907
-0.94100        0.75000        -0.83913
-0.93900        0.75000        -0.83921
-0.93700        0.75000        -0.83931
-0.93500        0.75000        -0.83944
-0.93300        0.75000        -0.83960
-0.93100        0.75000        -0.83978
-0.92900        0.75000        -0.83999
-0.92700        0.75000        -0.84022
-0.92500        0.75000        -0.84049
-0.92300        0.75000        -0.84077
-0.92100        0.75000        -0.84109
-0.91900        0.75000        -0.84144
-0.91700        0.75000        -0.84182
-0.91500        0.75000        -0.84225
-0.91300        0.75000        -0.84273
-0.91100        0.75000        -0.84324
-0.90900        0.75000        -0.84380
-0.90700        0.75000        -0.84440
-0.90500        0.75000        -0.84504
-0.90300        0.75000        -0.84573
-0.90100        0.75000        -0.84646
-0.89900        0.75000        -0.84724
-0.89700        0.75000        -0.84807
-0.89500        0.75000        -0.84896
-0.89300        0.75000        -0.84989
-0.89100        0.75000        -0.85089
-0.88900        0.75000        -0.85193
-0.88700        0.75000        -0.85303
-0.88500        0.75000        -0.85418
-0.88300        0.75000        -0.85538
-0.88100        0.75000        -0.85664
-0.87900        0.75000        -0.85795
-0.87700        0.75000        -0.85932
-0.87500        0.75000        -0.86075
-0.87300        0.75000        -0.86222
-0.87100        0.75000        -0.86374
-0.86900        0.75000        -0.86532
-0.86700        0.75000        -0.86694
-0.86500        0.75000        -0.86862
-0.86300        0.75000        -0.87035
-0.86100        0.75000        -0.87213
-0.85900        0.75000        -0.87397
-0.85700        0.75000        -0.87584
-0.85500        0.75000        -0.87776
-0.85300        0.75000        -0.87970
-0.85100        0.75000        -0.88168
-0.84900        0.75000        -0.88370
-0.84700        0.75000        -0.88575
-0.84500        0.75000        -0.88783
-0.84300        0.75000        -0.88995
-0.84100        0.75000        -0.89210
-0.83900        0.75000        -0.89429
-0.83700        0.75000        -0.89649
-0.83500        0.75000        -0.89870
-0.83300        0.75000        -0.90093
-0.83100        0.75000        -0.90317
-0.82900        0.75000        -0.90543
-0.82700        0.75000        -0.90770
-0.82500        0.75000        -0.90998
-0.82300        0.75000        -0.91228
-0.82100        0.75000        -0.91460
-0.81900        0.75000        -0.91697
-0.81700        0.75000        -0.91934
-0.81500        0.75000        -0.92166
-0.81300        0.75000        -0.92391
-0.81100        0.75000        -0.92610
-0.80900        0.75000        -0.92824
-0.80700        0.75000        -0.93031
-0.80500        0.75000        -0.93232
-0.80300        0.75000        -0.93427
-0.80100        0.75000        -0.93616
-0.79900        0.75000        -0.93852
-0.79700        0.75000        -0.94079
-0.79500        0.75000        -0.94227
-0.79300        0.75000        -0.94296
-0.79100        0.75000        -0.94286
-0.78900        0.75000        -0.94197
-0.78700        0.75000        -0.94029
-0.78500        0.75000        -0.93782
-0.78300        0.75000        -0.93455
-0.78100        0.75000        -0.93050
-0.77900        0.75000        -0.92924
-0.77700        0.75000        -0.92552
-0.77500        0.75000        -0.91401
-0.77300        0.75000        -0.89472
-0.77100        0.75000        -0.86763
-0.76900        0.75000        -0.83275
-0.76700        0.75000        -0.79008
-0.76500        0.75000        -0.73962
-0.76300        0.75000        -0.68137
-0.76100        0.75000        -0.61533
-0.75900        0.75000        -0.52145
-0.75700        0.75000        -0.40557
-0.75500        0.75000        -0.28970
-0.75300        0.75000        -0.17382
-0.75100        0.75000        -0.057939
-0.74900        0.75000        0.057939
-0.74700        0.75000        0.17382
-0.74500        0.75000        0.28970
-0.74300        0.75000        0.40557
-0.74100        0.75000        0.52145
-0.73900        0.75000        0.61533
-0.73700        0.75000        0.68137
-0.73500        0.75000        0.73962
-0.73300        0.75000        0.79008
-0.73100        0.75000        0.83275
-0.72900        0.75000        0.86763
-0.72700        0.75000        0.89472
-0.72500        0.75000        0.91401
-0.72300        0.75000        0.92552
-0.72100        0.75000        0.92924
-0.71900        0.75000        0.93050
-0.71700        0.75000        0.93455
-0.71500        0.75000        0.93782
-0.71300        0.75000        0.94029
-0.71100        0.75000        0.94197
-0.70900        0.75000        0.94286
-0.70700        0.75000        0.94296
-0.70500        0.75000        0.94227
-0.70300        0.75000        0.94079
-0.70100        0.75000        0.93852
-0.69900        0.75000        0.93616
-0.69700        0.75000        0.93427
-0.69500        0.75000        0.93232
-0.69300        0.75000        0.93031
-0.69100        0.75000        0.92824
-0.68900        0.75000        0.92610
-0.68700        0.75000        0.92391
-0.68500        0.75000        0.92166
-0.68300        0.75000        0.91934
-0.68100        0.75000        0.91697
-0.67900        0.75000        0.91460
-0.67700        0.75000        0.91228
-0.67500        0.75000        0.90998
-0.67300        0.75000        0.90770
-0.67100        0.75000        0.90543
-0.66900        0.75000        0.90317
-0.66700        0.75000        0.90093
-0.66500        0.75000        0.89870
-0.66300        0.75000        0.89649
-0.66100        0.75000        0.89429
-0.65900        0.75000        0.89210
-0.65700        0.75000        0.88995
-0.65500        0.75000        0.88783
-0.65300        0.75000        0.88575
-0.65100        0.75000        0.88370
-0.64900        0.75000        0.88168
-0.64700        0.75000        0.87970
-0.64500        0.75000        0.87776
-0.64300        0.75000        0.87584
-0.64100        0.75000        0.87397
-0.63900        0.75000        0.87213
-0.63700        0.75000        0.87035
-0.63500        0.75000        0.86862
-0.63300        0.75000        0.86694
-0.63100        0.75000        0.86532
-0.62900        0.75000        0.86374
-0.62700        0.75000        0.86222
-0.62500        0.75000        0.86075
-0.62300        0.75000        0.85932
-0.62100        0.75000        0.85795
-0.61900        0.75000        0.85664
-0.61700        0.75000        0.85538
-0.61500        0.75000        0.85418
-0.61300        0.75000        0.85303
-0.61100        0.75000        0.85193
-0.60900        0.75000        0.85089
-0.60700        0.75000        0.84989
-0.60500        0.75000        0.84896
-0.60300        0.75000        0.84807
-0.60100        0.75000        0.84724
-0.59900        0.75000        0.84646
-0.59700        0.75000        0.84573
-0.59500        0.75000        0.84504
-0.59300        0.75000        0.84440
-0.59100        0.75000        0.84380
-0.58900        0.75000        0.84324
-0.58700        0.75000        0.84273
-0.58500        0.75000        0.84225
-0.58300        0.75000        0.84182
-0.58100        0.75000        0.84144
-0.57900        0.75000        0.84109
-0.57700        0.75000        0.84077
-0.57500        0.75000        0.84049
-0.57300        0.75000        0.84022
-0.57100        0.75000        0.83999
-0.56900        0.75000        0.83978
-0.56700        0.75000        0.83960
-0.56500        0.75000        0.83944
-0.56300        0.75000        0.83931
-0.56100        0.75000        0.83921
-0.55900        0.75000        0.83913
-0.55700        0.75000        0.83907
-0.55500        0.75000        0.83902
-0.55300        0.75000        0.83898
-0.55100        0.75000        0.83895
-0.54900        0.75000        0.83894
-0.54700        0.75000        0.83894
-0.54500        0.75000        0.83895
-0.54300        0.75000        0.83897
-0.54100        0.75000        0.83900
-0.53900        0.75000        0.83905
-0.53700        0.75000        0.83909
-0.53500        0.75000        0.83914
-0.53300        0.75000        0.83919
-0.53100        0.75000        0.83923
-0.52900        0.75000        0.83928
-0.52700        0.75000        0.83934
-0.52500        0.75000        0.83939
-0.52300        0.75000        0.83944
-0.52100        0.75000        0.83950
-0.51900        0.75000        0.83955
-0.51700        0.75000        0.83959
-0.51500        0.75000        0.83964
-0.51300        0.75000        0.83967
-0.51100        0.75000        0.83971
-0.50900        0.75000        0.83973
-0.50700        0.75000        0.83975
-0.50500        0.75000        0.83977
-0.50300        0.75000        0.83978
-0.50100        0.75000        0.83979
-0.49900        0.75000        0.83979
-0.49700        0.75000        0.83978
-0.49500        0.75000        0.83977
-0.49300        0.75000        0.83975
-0.49100        0.75000        0.83973
-0.48900        0.75000        0.83971
-0.48700        0.75000        0.83967
-0.48500        0.75000        0.83964
-0.48300        0.75000        0.83959
-0.48100        0.75000        0.83955
-0.47900        0.75000        0.83950
-0.47700        0.75000        0.83944
-0.47500        0.75000        0.83939
-0.47300        0.75000        0.83934
-0.47100        0.75000        0.83928
-0.46900        0.75000        0.83923
-0.46700        0.75000        0.83919
-0.46500        0.75000        0.83914
-0.46300        0.75000        0.83909
-0.46100        0.75000        0.83905
-0.45900        0.75000        0.83900
-0.45700        0.75000        0.83897
-0.45500        0.75000        0.83895
-0.45300        0.75000        0.83894
-0.45100        0.75000        0.83894
-0.44900        0.75000        0.83895
-0.44700        0.75000        0.83898
-0.44500        0.75000        0.83902
-0.44300        0.75000        0.83907
-0.44100        0.75000        0.83913
-0.43900        0.75000        0.83921
-0.43700        0.75000        0.83931
-0.43500        0.75000        0.83944
-0.43300        0.75000        0.83960
-0.43100        0.75000        0.83978
-0.42900        0.75000        0.83999
-0.42700        0.75000        0.84022
-0.42500        0.75000        0.84049
-0.42300        0.75000        0.84077
-0.42100        0.75000        0.84109
-0.41900        0.75000        0.84144
-0.41700        0.75000        0.84182
-0.41500        0.75000        0.84225
-0.41300        0.75000        0.84273
-0.41100        0.75000        0.84324
-0.40900        0.75000        0.84380
-0.40700        0.75000        0.84440
-0.40500        0.75000        0.84504
-0.40300        0.75000        0.84573
-0.40100        0.75000        0.84646
-0.39900        0.75000        0.84724
-0.39700        0.75000        0.84807
-0.39500        0.75000        0.84896
-0.39300        0.75000        0.84989
-0.39100        0.75000        0.85089
-0.38900        0.75000        0.85193
-0.38700        0.75000        0.85303
-0.38500        0.75000        0.85418
-0.38300        0.75000        0.85538
-0.38100        0.75000        0.85664
-0.37900        0.75000        0.85795
-0.37700        0.75000        0.85932
-0.37500        0.75000        0.86075
-0.37300        0.75000        0.86222
-0.37100        0.75000        0.86374
-0.36900        0.75000        0.86532
-0.36700        0.75000        0.86694
-0.36500        0.75000        0.86862
-0.36300        0.75000        0.87035
-0.36100        0.75000        0.87213
-0.35900        0.75000        0.87397
-0.35700        0.75000        0.87584
-0.35500        0.75000        0.87776
-0.35300        0.75000        0.87970
-0.35100        0.75000        0.88168
-0.34900        0.75000        0.88370
-0.34700        0.75000        0.88575
-0.34500        0.75000        0.88783
-0.34300        0.75000        0.88995
-0.34100        0.75000        0.89210
-0.33900        0.75000        0.89429
-0.33700        0.75000        0.89649
-0.33500        0.75000        0.89870
-0.33300        0.75000        0.90093
-0.33100        0.75000        0.90317
-0.32900        0.75000        0.90543
-0.32700        0.75000        0.90770
-0.32500        0.75000        0.90998
-0.32300        0.75000        0.91228
-0.32100        0.75000        0.91460
-0.31900        0.75000        0.91697
-0.31700        0.75000        0.91934
-0.31500        0.75000        0.92166
-0.31300        0.75000        0.92391
-0.31100        0.75000        0.92610
-0.30900        0.75000        0.92824
-0.30700        0.75000        0.93031
-0.30500        0.75000        0.93232
-0.30300        0.75000        0.93427
-0.30100        0.75000        0.93616
-0.29900        0.75000        0.93852
-0.29700        0.75000        0.94079
-0.29500        0.75000        0.94227
-0.29300        0.75000        0.94296
-0.29100        0.75000        0.94286
-0.28900        0.75000        0.94197
-0.28700        0.75000        0.94029
-0.28500        0.75000        0.93782
-0.28300        0.75000        0.93455
-0.28100        0.75000        0.93050
-0.27900        0.75000        0.92924
-0.27700        0.75000        0.92552
-0.27500        0.75000        0.91401
-0.27300        0.75000        0.89472
-0.27100        0.75000        0.86763
-0.26900        0.75000        0.83275
-0.26700        0.75000        0.79008
-0.26500        0.75000        0.73962
-0.26300        0.75000        0.68137
-0.26100        0.75000        0.61533
-0.25900        0.75000        0.52145
-0.25700        0.75000        0.40557
-0.25500        0.75000        0.28970
-0.25300        0.75000        0.17382
-0.25100        0.75000        0.057939
-0.24900        0.75000        -0.057939
-0.24700        0.75000        -0.17382
-0.24500        0.75000        -0.28970
-0.24300        0.75000        -0.40557
-0.24100        0.75000        -0.52145
-0.23900        0.75000        -0.61533
-0.23700        0.75000        -0.68137
-0.23500        0.75000        -0.73962
-0.23300        0.75000        -0.79008
-0.23100        0.75000        -0.83275
-0.22900        0.75000        -0.86763
-0.22700        0.75000        -0.89472
-0.22500        0.75000        -0.91401
-0.22300        0.75000        -0.92552
-0.22100        0.75000        -0.92924
-0.21900        0.75000        -0.93050
-0.21700        0.75000        -0.93455
-0.21500        0.75000        -0.93782
-0.21300        0.75000        -0.94029
-0.21100        0.75000        -0.94197
-0.20900        0.75000        -0.94286
-0.20700        0.75000        -0.94296
-0.20500        0.75000        -0.94227
-0.20300        0.75000        -0.94079
-0.20100        0.75000        -0.93852
-0.19900        0.75000        -0.93616
-0.19700        0.75000        -0.93427
-0.19500        0.75000        -0.93232
-0.19300        0.75000        -0.93031
-0.19100        0.75000        -0.92824
-0.18900        0.75000        -0.92610
-0.18700        0.75000        -0.92391
-0.18500        0.75000        -0.92166
-0.18300        0.75000        -0.91934
-0.18100        0.75000        -0.91697
-0.17900        0.75000        -0.91460
-0.17700        0.75000        -0.91228
-0.17500        0.75000        -0.90998
-0.17300        0.75000        -0.90770
-0.17100        0.75000        -0.90543
-0.16900        0.75000        -0.90317
-0.16700        0.75000        -0.90093
-0.16500        0.75000        -0.89870
-0.16300        0.75000        -0.89649
-0.16100        0.75000        -0.89429
-0.15900        0.75000        -0.89210
-0.15700        0.75000        -0.88995
-0.15500        0.75000        -0.88783
-0.15300        0.75000        -0.88575
-0.15100        0.75000        -0.88370
-0.14900        0.75000        -0.88168
-0.14700        0.75000        -0.87970
-0.14500        0.75000        -0.87776
-0.14300        0.75000        -0.87584
-0.14100        0.75000        -0.87397
-0.13900        0.75000        -0.87213
-0.13700        0.75000        -0.87035
-0.13500        0.75000        -0.86862
-0.13300        0.75000        -0.86694
-0.13100        0.75000        -0.86532
-0.12900        0.75000        -0.86374
-0.12700        0.75000        -0.86222
-0.12500        0.75000        -0.86075
-0.12300        0.75000        -0.85932
-0.12100        0.75000        -0.85795
-0.11900        0.75000        -0.85664
-0.11700        0.75000        -0.85538
-0.11500        0.75000        -0.85418
-0.11300        0.75000        -0.85303
-0.11100        0.75000        -0.85193
-0.10900        0.75000        -0.85089
-0.10700        0.75000        -0.84989
-0.10500        0.75000        -0.84896
-0.10300        0.75000        -0.84807
-0.10100        0.75000        -0.84724
-0.099000       0.75000        -0.84646
-0.097000       0.75000        -0.84573
-0.095000       0.75000        -0.84504
-0.093000       0.75000        -0.84440
-0.091000       0.75000        -0.84380
-0.089000       0.75000        -0.84324
-0.087000       0.75000        -0.84273
-0.085000       0.75000        -0.84225
-0.083000       0.75000        -0.84182
-0.081000       0.75000        -0.84144
-0.079000       0.75000        -0.84109
-0.077000       0.75000        -0.84077
-0.075000       0.75000        -0.84049
-0.073000       0.75000        -0.84022
-0.071000       0.75000        -0.83999
-0.069000       0.75000        -0.83978
-0.067000       0.75000        -0.83960
-0.065000       0.75000        -0.83944
-0.063000       0.75000        -0.83931
-0.061000       0.75000        -0.83921
-0.059000       0.75000        -0.83913
-0.057000       0.75000        -0.83907
-0.055000       0.75000        -0.83902
-0.053000       0.75000        -0.83898
-0.051000       0.75000        -0.83895
-0.049000       0.75000        -0.83894
-0.047000       0.75000        -0.83894
-0.045000       0.75000        -0.83895
-0.043000       0.75000        -0.83897
-0.041000       0.75000        -0.83900
-0.039000       0.75000        -0.83905
-0.037000       0.75000        -0.83909
-0.035000       0.75000        -0.83914
-0.033000       0.75000        -0.83919
-0.031000       0.75000        -0.83923
-0.029000       0.75000        -0.83928
-0.027000       0.75000        -0.83934
-0.025000       0.75000        -0.83939
-0.023000       0.75000        -0.83944
-0.021000       0.75000        -0.83950
-0.019000       0.75000        -0.83955
-0.017000       0.75000        -0.83959
-0.015000       0.75000        -0.83964
-0.013000       0.75000        -0.83967
-0.011000       0.75000        -0.83971
-0.0090000      0.75000        -0.83973
-0.0070000      0.75000        -0.83975
-0.0050000      0.75000        -0.83977
-0.0030000      0.75000        -0.83978
-0.0010000      0.75000        -0.83979
0.0010000       0.75000        -0.83979
0.0030000       0.75000        -0.83978
0.0050000       0.75000        -0.83977
0.0070000       0.75000        -0.83975
0.0090000       0.75000        -0.83973
0.011000        0.75000        -0.83971
0.013000        0.75000        -0.83967
0.015000        0.75000        -0.83964
0.017000        0.75000        -0.83959
0.019000        0.75000        -0.83955
0.021000        0.75000        -0.83950
0.023000        0.75000        -0.83944
0.025000        0.75000        -0.83939
0.027000        0.75000        -0.83934
0.029000        0.75000        -0.83928
0.031000        0.75000        -0.83923
0.033000        0.75000        -0.83919
0.035000        0.75000        -0.83914
0.037000        0.75000        -0.83909
0.039000        0.75000        -0.83905
0.041000        0.75000        -0.83900
0.043000        0.75000        -0.83897
0.045000        0.75000        -0.83895
0.047000        0.75000        -0.83894
0.049000        0.75000        -0.83894
0.051000        0.75000        -0.83895
0.053000        0.75000        -0.83898
0.055000        0.75000        -0.83902
0.057000        0.75000        -0.83907
0.059000        0.75000        -0.83913
0.061000        0.75000        -0.83921
0.063000        0.75000        -0.83931
0.065000        0.75000        -0.83944
0.067000        0.75000        -0.83960
0.069000        0.75000        -0.83978
0.071000        0.75000        -0.83999
0.073000        0.75000        -0.84022
0.075000        0.75000        -0.84049
0.077000        0.75000        -0.84077
0.079000        0.75000        -0.84109
0.081000        0.75000        -0.84144
0.083000        0.75000        -0.84182
0.085000        0.75000        -0.84225
0.087000        0.75000        -0.84273
0.089000        0.75000        -0.84324
0.091000        0.75000        -0.84380
0.093000        0.75000        -0.84440
0.095000        0.75000        -0.84504
0.097000        0.75000        -0.84573
0.099000        0.75000        -0.84646
0.10100         0.75000        -0.84724
0.10300         0.75000        -0.84807
0.10500         0.75000        -0.84896
0.10700         0.75000        -0.84989
0.10900         0.75000        -0.85089
0.11100         0.75000        -0.85193
0.11300         0.75000        -0.85303
0.11500         0.75000        -0.85418
0.11700         0.75000        -0.85538
0.11900         0.75000        -0.85664
0.12100         0.75000        -0.85795
0.12300         0.75000        -0.85932
0.12500         0.75000        -0.86075
0.12700         0.75000        -0.86222
0.12900         0.75000        -0.86374
0.13100         0.75000        -0.86532
0.13300         0.75000        -0.86694
0.13500         0.75000        -0.86862
0.13700         0.75000        -0.87035
0.13900         0.75000        -0.87213
0.14100         0.75000        -0.87397
0.14300         0.75000        -0.87584
0.14500         0.75000        -0.87776
0.14700         0.75000        -0.87970
0.14900         0.75000        -0.88168
0.15100         0.75000        -0.88370
0.15300         0.75000        -0.88575
0.15500         0.75000        -0.88783
0.15700         0.75000        -0.88995
0.15900         0.75000        -0.89210
0.16100         0.75000        -0.89429
0.16300         0.75000        -0.89649
0.16500         0.75000        -0.89870
0.16700         0.75000        -0.90093
0.16900         0.75000        -0.90317
0.17100         0.75000        -0.90543
0.17300         0.75000        -0.90770
0.17500         0.75000        -0.90998
0.17700         0.75000        -0.91228
0.17900         0.75000        -0.91460
0.18100         0.75000        -0.91697
0.18300         0.75000        -0.91934
0.18500         0.75000        -0.92166
0.18700         0.75000        -0.92391
0.18900         0.75000        -0.92610
0.19100         0.75000        -0.92824
0.19300         0.75000        -0.93031
0.19500         0.75000        -0.93232
0.19700         0.75000        -0.93427
0.19900         0.75000        -0.93616
0.20100         0.75000        -0.93852
0.20300         0.75000        -0.94079
0.20500         0.75000        -0.94227
0.20700         0.75000        -0.94296
0.20900         0.75000        -0.94286
0.21100         0.75000        -0.94197
0.21300         0.75000        -0.94029
0.21500         0.75000        -0.93782
0.21700         0.75000        -0.93455
0.21900         0.75000        -0.93050
0.22100         0.75000        -0.92924
0.22300         0.75000        -0.92552
0.22500         0.75000        -0.91401
0.22700         0.75000        -0.89472
0.22900         0.75000        -0.86763
0.23100         0.75000        -0.83275
0.23300         0.75000        -0.79008
0.23500         0.75000        -0.73962
0.23700         0.75000        -0.68137
0.23900         0.75000        -0.61533
0.24100         0.75000        -0.52145
0.24300         0.75000        -0.40557
0.24500         0.75000        -0.28970
0.24700         0.75000        -0.17382
0.24900         0.75000        -0.057939
0.25100         0.75000        0.057939
0.25300         0.75000        0.17382
0.25500         0.75000        0.28970
0.25700         0.75000        0.40557
0.25900         0.75000        0.52145
0.26100         0.75000        0.61533
0.26300         0.75000        0.68137
0.26500         0.75000        0.73962
0.26700         0.75000        0.79008
0.26900         0.75000        0.83275
0.27100         0.75000        0.86763
0.27300         0.75000        0.89472
0.27500         0.75000        0.91401
0.27700         0.75000        0.92552
0.27900         0.75000        0.92924
0.28100         0.75000        0.93050
0.28300         0.75000        0.93455
0.28500         0.75000        0.93782
0.28700         0.75000        0.94029
0.28900         0.75000        0.94197
0.29100         0.75000        0.94286
0.29300         0.75000        0.94296
0.29500         0.75000        0.94227
0.29700         0.75000        0.94079
0.29900         0.75000        0.93852
0.30100         0.75000        0.93616
0.30300         0.75000        0.93427
0.30500         0.75000        0.93232
0.30700         0.75000        0.93031
0.30900         0.75000        0.92824
0.31100         0.75000        0.92610
0.31300         0.75000        0.92391
0.31500         0.75000        0.92166
0.31700         0.75000        0.91934
0.31900         0.75000        0.91697
0.32100         0.75000        0.91460
0.32300         0.75000        0.91228
0.32500         0.75000        0.90998
0.32700         0.75000        0.90770
0.32900         0.75000        0.90543
0.33100         0.75000        0.90317
0.33300         0.75000        0.90093
0.33500         0.75000        0.89870
0.33700         0.75000        0.89649
0.33900         0.75000        0.89429
0.34100         0.75000        0.89210
0.34300         0.75000        0.88995
0.34500         0.75000        0.88783
0.34700         0.75000        0.88575
0.34900         0.75000        0.88370
0.35100         0.75000        0.88168
0.35300         0.75000        0.87970
0.35500         0.75000        0.87776
0.35700         0.75000        0.87584
0.35900         0.75000        0.87397
0.36100         0.75000        0.87213
0.36300         0.75000        0.87035
0.36500         0.75000        0.86862
0.36700         0.75000        0.86694
0.36900         0.75000        0.86532
0.37100         0.75000        0.86374
0.37300         0.75000        0.86222
0.37500         0.75000        0.86075
0.37700         0.75000        0.85932
0.37900         0.75000        0.85795
0.38100         0.75000        0.85664
0.38300         0.75000        0.85538
0.38500         0.75000        0.85418
0.38700         0.75000        0.85303
0.38900         0.75000        0.85193
0.39100         0.75000        0.85089
0.39300         0.75000        0.84989
0.39500         0.75000        0.84896
0.39700         0.75000        0.84807
0.39900         0.75000        0.84724
0.40100         0.75000        0.84646
0.40300         0.75000        0.84573
0.40500         0.75000        0.84504
0.40700         0.75000        0.84440
0.40900         0.75000        0.84380
0.41100         0.75000        0.84324
0.41300         0.75000        0.84273
0.41500         0.75000        0.84225
0.41700         0.75000        0.84182
0.41900         0.75000        0.84144
0.42100         0.75000        0.84109
0.42300         0.75000        0.84077
0.42500         0.75000        0.84049
0.42700         0.75000        0.84022
0.42900         0.75000        0.83999
0.43100         0.75000        0.83978
0.43300         0.75000        0.83960
0.43500         0.75000        0.83944
0.43700         0.75000        0.83931
0.43900         0.75000        0.83921
0.44100         0.75000        0.83913
0.44300         0.75000        0.83907
0.44500         0.75000        0.83902
0.44700         0.75000        0.83898
0.44900         0.75000        0.83895
0.45100         0.75000        0.83894
0.45300         0.75000        0.83894
0.45500         0.75000        0.83895
0.45700         0.75000        0.83897
0.45900         0.75000        0.83900
0.46100         0.75000        0.83905
0.46300         0.75000        0.83909
0.46500         0.75000        0.83914
0.46700         0.75000        0.83919
0.46900         0.75000        0.83923
0.47100         0.75000        0.83928
0.47300         0.75000        0.83934
0.47500         0.75000        0.83939
0.47700         0.75000        0.83944
0.47900         0.75000        0.83950
0.48100         0.75000        0.83955
0.48300         0.75000        0.83959
0.48500         0.75000        0.83964
0.48700         0.75000        0.83967
0.48900         0.75000        0.83971
0.49100         0.75000        0.83973
0.49300         0.75000        0.83975
0.49500         0.75000        0.83977
0.49700         0.75000        0.83978
0.49900         0.75000        0.83979
0.50100         0.75000        0.83979
0.50300         0.75000        0.83978
0.50500         0.75000        0.83977
0.50700         0.75000        0.83975
0.50900         0.75000        0.83973
0.51100         0.75000        0.83971
0.51300         0.75000        0.83967
0.51500         0.75000        0.83964
0.51700         0.75000        0.83959
0.51900         0.75000        0.83955
0.52100         0.75000        0.83950
0.52300         0.75000        0.83944
0.52500         0.75000        0.83939
0.52700         0.75000        0.83934
0.52900         0.75000        0.83928
0.53100         0.75000        0.83923
0.53300         0.75000        0.83919
0.53500         0.75000        0.83914
0.53700         0.75000        0.83909
0.53900         0.75000        0.83905
0.54100         0.75000        0.83900
0.54300         0.75000        0.83897
0.54500         0.75000        0.83895
0.54700         0.75000        0.83894
0.54900         0.75000        0.83894
0.55100         0.75000        0.83895
0.55300         0.75000        0.83898
0.55500         0.75000        0.83902
0.55700         0.75000        0.83907
0.55900         0.75000        0.83913
0.56100         0.75000        0.83921
0.56300         0.75000        0.83931
0.56500         0.75000        0.83944
0.56700         0.75000        0.83960
0.56900         0.75000        0.83978
0.57100         0.75000        0.83999
0.57300         0.75000        0.84022
0.57500         0.75000        0.84049
0.57700         0.75000        0.84077
0.57900         0.75000        0.84109
0.58100         0.75000        0.84144
0.58300         0.75000        0.84182
0.58500         0.75000        0.84225
0.58700         0.75000        0.84273
0.58900         0.75000        0.84324
0.59100         0.75000        0.84380
0.59300         0.75000        0.84440
0.59500         0.75000        0.84504
0.59700         0.75000        0.84573
0.59900         0.75000        0.84646
0.60100         0.75000        0.84724
0.60300         0.75000        0.84807
0.60500         0.75000        0.84896
0.60700         0.75000        0.84989
0.60900         0.75000        0.85089
0.61100         0.75000        0.85193
0.61300         0.75000        0.85303
0.61500         0.75000        0.85418
0.61700         0.75000        0.85538
0.61900         0.75000        0.85664
0.62100         0.75000        0.85795
0.62300         0.75000        0.85932
0.62500         0.75000        0.86075
0.62700         0.75000        0.86222
0.62900         0.75000        0.86374
0.63100         0.75000        0.86532
0.63300         0.75000        0.86694
0.63500         0.75000        0.86862
0.63700         0.75000        0.87035
0.63900         0.75000        0.87213
0.64100         0.75000        0.87397
0.64300         0.75000        0.87584
0.64500         0.75000        0.87776
0.64700         0.75000        0.87970
0.64900         0.75000        0.88168
0.65100         0.75000        0.88370
0.65300         0.75000        0.88575
0.65500         0.75000        0.88783
0.65700         0.75000        0.88995
0.65900         0.75000        0.89210
0.66100         0.75000        0.89429
0.66300         0.75000        0.89649
0.66500         0.75000        0.89870
0.66700         0.75000        0.90093
0.66900         0.75000        0.90317
0.67100         0.75000        0.90543
0.67300         0.75000        0.90770
0.67500         0.75000        0.90998
0.67700         0.75000        0.91228
0.67900         0.75000        0.91460
0.68100         0.75000        0.91697
0.68300         0.75000        0.91934
0.68500         0.75000        0.92166
0.68700         0.75000        0.92391
0.68900         0.75000        0.92610
0.69100         0.75000        0.92824
0.69300         0.75000        0.93031
0.69500         0.75000        0.93232
0.69700         0.75000        0.93427
0.69900         0.75000        0.93616
0.70100         0.75000        0.93852
0.70300         0.75000        0.94079
0.70500         0.75000        0.94227
0.70700         0.75000        0.94296
0.70900         0.75000        0.94286
0.71100         0.75000        0.94197
0.71300         0.75000        0.94029
0.71500         0.75000        0.93782
0.71700         0.75000        0.93455
0.71900         0.75000        0.93050
0.72100         0.75000        0.92924
0.72300         0.75000        0.92552
0.72500         0.75000        0.91401
0.72700         0.75000        0.89472
0.72900         0.75000        0.86763
0.73100         0.75000        0.83275
0.73300         0.75000        0.79008
0.73500         0.75000        0.73962
0.73700         0.75000        0.68137
0.73900         0.75000        0.61533
0.74100         0.75000        0.52145
0.74300         0.75000        0.40557
0.74500         0.75000        0.28970
0.74700         0.75000        0.17382
0.74900         0.75000        0.057939
0.75100         0.75000        -0.057939
0.75300         0.75000        -0.17382
0.75500         0.75000        -0.28970
0.75700         0.75000        -0.40557
0.75900         0.75000        -0.52145
0.76100         0.75000        -0.61533
0.76300         0.75000        -0.68137
0.76500         0.75000        -0.73962
0.76700         0.75000        -0.79008
0.76900         0.75000        -0.83275
0.77100         0.75000        -0.86763
0.77300         0.75000        -0.89472
0.77500         0.75000        -0.91401
0.77700         0.75000        -0.92552
0.77900         0.75000        -0.92924
0.78100         0.75000        -0.93050
0.78300         0.75000        -0.93455
0.78500         0.75000        -0.93782
0.78700         0.75000        -0.94029
0.78900         0.75000        -0.94197
0.79100         0.75000        -0.94286
0.79300         0.75000        -0.94296
0.79500         0.75000        -0.94227
0.79700         0.75000        -0.94079
0.79900         0.75000        -0.93852
0.80100         0.75000        -0.93616
0.80300         0.75000        -0.93427
0.80500         0.75000        -0.93232
0.80700         0.75000        -0.93031
0.80900         0.75000        -0.92824
0.81100         0.75000        -0.92610
0.81300         0.75000        -0.92391
0.81500         0.75000        -0.92166
0.81700         0.75000        -0.91934
0.81900         0.75000        -0.91697
0.82100         0.75000        -0.91460
0.82300         0.75000        -0.91228
0.82500         0.75000        -0.90998
0.82700         0.75000        -0.90770
0.82900         0.75000        -0.90543
0.83100         0.75000        -0.90317
0.83300         0.75000        -0.90093
0.83500         0.75000        -0.89870
0.83700         0.75000        -0.89649
0.83900         0.75000        -0.89429
0.84100         0.75000        -0.89210
0.84300         0.75000        -0.88995
0.84500         0.75000        -0.88783
0.84700         0.75000        -0.88575
0.84900         0.75000        -0.88370
0.85100         0.75000        -0.88168
0.85300         0.75000        -0.87970
0.85500         0.75000        -0.87776
0.85700         0.75000        -0.87584
0.85900         0.75000        -0.87397
0.86100         0.75000        -0.87213
0.86300         0.75000        -0.87035
0.86500         0.75000        -0.86862
0.86700         0.75000        -0.86694
0.86900         0.75000        -0.86532
0.87100         0.75000        -0.86374
0.87300         0.75000        -0.86222
0.87500         0.75000        -0.86075
0.87700         0.75000        -0.85932
0.87900         0.75000        -0.85795
0.88100         0.75000        -0.85664
0.88300         0.75000        -0.85538
0.88500         0.75000        -0.85418
0.88700         0.75000        -0.85303
0.88900         0.75000        -0.85193
0.89100         0.75000        -0.85089
0.89300         0.75000        -0.84989
0.89500         0.75000        -0.84896
0.89700         0.75000        -0.84807
0.89900         0.75000        -0.84724
0.90100         0.75000        -0.84646
0.90300         0.75000        -0.84573
0.90500         0.75000        -0.84504
0.90700         0.75000        -0.84440
0.90900         0.75000        -0.84380
0.91100         0.75000        -0.84324
0.91300         0.75000        -0.84273
0.91500         0.75000        -0.84225
0.91700         0.75000        -0.84182
0.91900         0.75000        -0.84144
0.92100         0.75000        -0.84109
0.92300         0.75000        -0.84077
0.92500         0.75000        -0.84049
0.92700         0.75000        -0.84022
0.92900         0.75000        -0.83999
0.93100         0.75000        -0.83978
0.93300         0.75000        -0.83960
0.93500         0.75000        -0.83944
0.93700         0.75000        -0.83931
0.93900         0.75000        -0.83921
0.94100         0.75000        -0.83913
0.94300         0.75000        -0.83907
0.94500         0.75000        -0.83902
0.94700         0.75000        -0.83898
0.94900         0.75000        -0.83895
0.95100         0.75000        -0.83894
0.95300         0.75000        -0.83894
0.95500         0.75000        -0.83895
0.95700         0.75000        -0.83897
0.95900         0.75000        -0.83900
0.96100         0.75000        -0.83905
0.96300         0.75000        -0.83909
0.96500         0.75000        -0.83914
0.96700         0.75000        -0.83919
0.96900         0.75000        -0.83923
0.97100         0.75000        -0.83928
0.97300         0.75000        -0.83934
0.97500         0.75000        -0.83939
0.97700         0.75000        -0.83944
0.97900         0.75000        -0.83950
0.98100         0.75000        -0.83955
0.98300         0.75000        -0.83959
0.98500         0.75000        -0.83964
0.98700         0.75000        -0.83967
0.98900         0.75000        -0.83971
0.99100         0.75000        -0.83973
0.99300         0.75000        -0.83975
0.99500         0.75000        -0.83977
0.99700         0.75000        -0.83978
0.99900         0.75000        -0.83979
