-0.99900        0.0000         -0.99998
-0.99700        0.0000         -0.99982
-0.99500        0.0000         -0.99950
-0.99300        0.0000         -0.99903
-0.99100        0.0000         -0.99840
-0.98900        0.0000         -0.99761
-0.98700        0.0000         -0.99667
-0.98500        0.0000         -0.99556
-0.98300        0.0000         -0.99430
-0.98100        0.0000         -0.99288
-0.97900        0.0000         -0.99130
-0.97700        0.0000         -0.98957
-0.97500        0.0000         -0.98768
-0.97300        0.0000         -0.98564
-0.97100        0.0000         -0.98344
-0.96900        0.0000         -0.98109
-0.96700        0.0000         -0.97858
-0.96500        0.0000         -0.97592
-0.96300        0.0000         -0.97310
-0.96100        0.0000         -0.97013
-0.95900        0.0000         -0.96700
-0.95700        0.0000         -0.96372
-0.95500        0.0000         -0.96029
-0.95300        0.0000         -0.95671
-0.95100        0.0000         -0.95298
-0.94900        0.0000         -0.94910
-0.94700        0.0000         -0.94507
-0.94500        0.0000         -0.94088
-0.94300        0.0000         -0.93655
-0.94100        0.0000         -0.93207
-0.93900        0.0000         -0.92744
-0.93700        0.0000         -0.92267
-0.93500        0.0000         -0.91775
-0.93300        0.0000         -0.91269
-0.93100        0.0000         -0.90748
-0.92900        0.0000         -0.90214
-0.92700        0.0000         -0.89665
-0.92500        0.0000         -0.89101
-0.92300        0.0000         -0.88524
-0.92100        0.0000         -0.87932
-0.91900        0.0000         -0.87326
-0.91700        0.0000         -0.86706
-0.91500        0.0000         -0.86073
-0.91300        0.0000         -0.85427
-0.91100        0.0000         -0.84768
-0.90900        0.0000         -0.84095
-0.90700        0.0000         -0.83409
-0.90500        0.0000         -0.82709
-0.90300        0.0000         -0.81996
-0.90100        0.0000         -0.81270
-0.89900        0.0000         -0.80530
-0.89700        0.0000         -0.79779
-0.89500        0.0000         -0.79015
-0.89300        0.0000         -0.78238
-0.89100        0.0000         -0.77450
-0.88900        0.0000         -0.76650
-0.88700        0.0000         -0.75837
-0.88500        0.0000         -0.75012
-0.88300        0.0000         -0.74175
-0.88100        0.0000         -0.73326
-0.87900        0.0000         -0.72465
-0.87700        0.0000         -0.71593
-0.87500        0.0000         -0.70710
-0.87300        0.0000         -0.69816
-0.87100        0.0000         -0.68911
-0.86900        0.0000         -0.67996
-0.86700        0.0000         -0.67070
-0.86500        0.0000         -0.66132
-0.86300        0.0000         -0.65185
-0.86100        0.0000         -0.64226
-0.85900        0.0000         -0.63257
-0.85700        0.0000         -0.62278
-0.85500        0.0000         -0.61290
-0.85300        0.0000         -0.60292
-0.85100        0.0000         -0.59286
-0.84900        0.0000         -0.58270
-0.84700        0.0000         -0.57244
-0.84500        0.0000         -0.56210
-0.84300        0.0000         -0.55166
-0.84100        0.0000         -0.54113
-0.83900        0.0000         -0.53051
-0.83700        0.0000         -0.51981
-0.83500        0.0000         -0.50903
-0.83300        0.0000         -0.49818
-0.83100        0.0000         -0.48725
-0.82900        0.0000         -0.47624
-0.82700        0.0000         -0.46516
-0.82500        0.0000         -0.45401
-0.82300        0.0000         -0.44277
-0.82100        0.0000         -0.43146
-0.81900        0.0000         -0.42008
-0.81700        0.0000         -0.40864
-0.81500        0.0000         -0.39714
-0.81300        0.0000         -0.38558
-0.81100        0.0000         -0.37396
-0.80900        0.0000         -0.36228
-0.80700        0.0000         -0.35055
-0.80500        0.0000         -0.33875
-0.80300        0.0000         -0.32690
-0.80100        0.0000         -0.31499
-0.79900        0.0000         -0.30303
-0.79700        0.0000         -0.29102
-0.79500        0.0000         -0.27898
-0.79300        0.0000         -0.26689
-0.79100        0.0000         -0.25477
-0.78900        0.0000         -0.24260
-0.78700        0.0000         -0.23040
-0.78500        0.0000         -0.21816
-0.78300        0.0000         -0.20588
-0.78100        0.0000         -0.19356
-0.77900        0.0000         -0.18120
-0.77700        0.0000         -0.16882
-0.77500        0.0000         -0.15642
-0.77300        0.0000         -0.14400
-0.77100        0.0000         -0.13156
-0.76900        0.0000         -0.11910
-0.76700        0.0000         -0.10662
-0.76500        0.0000         -0.094124
-0.76300        0.0000         -0.081606
-0.76100        0.0000         -0.069067
-0.75900        0.0000         -0.056512
-0.75700        0.0000         -0.043954
-0.75500        0.0000         -0.031395
-0.75300        0.0000         -0.018837
-0.75100        0.0000         -0.0062791
-0.74900        0.0000         0.0062791
-0.74700        0.0000         0.018837
-0.74500        0.0000         0.031395
-0.74300        0.0000         0.043954
-0.74100        0.0000         0.056512
-0.73900        0.0000         0.069067
-0.73700        0.0000         0.081606
-0.73500        0.0000         0.094124
-0.73300        0.0000         0.10662
-0.73100        0.0000         0.11910
-0.72900        0.0000         0.13156
-0.72700        0.0000         0.14400
-0.72500        0.0000         0.15642
-0.72300        0.0000         0.16882
-0.72100        0.0000         0.18120
-0.71900        0.0000         0.19356
-0.71700        0.0000         0.20588
-0.71500        0.0000         0.21816
-0.71300        0.0000         0.23040
-0.71100        0.0000         0.24260
-0.70900        0.0000         0.25477
-0.70700        0.0000         0.26689
-0.70500        0.0000         0.27898
-0.70300        0.0000         0.29102
-0.70100        0.0000         0.30303
-0.69900        0.0000         0.31499
-0.69700        0.0000         0.32690
-0.69500        0.0000         0.33875
-0.69300        0.0000         0.35055
-0.69100        0.0000         0.36228
-0.68900        0.0000         0.37396
-0.68700        0.0000         0.38558
-0.68500        0.0000         0.39714
-0.68300        0.0000         0.40864
-0.68100        0.0000         0.42008
-0.67900        0.0000         0.43146
-0.67700        0.0000         0.44277
-0.67500        0.0000         0.45401
-0.67300        0.0000         0.46516
-0.67100        0.0000         0.47624
-0.66900        0.0000         0.48725
-0.66700        0.0000         0.49818
-0.66500        0.0000         0.50903
-0.66300        0.0000         0.51981
-0.66100        0.0000         0.53051
-0.65900        0.0000         0.54113
-0.65700        0.0000         0.55166
-0.65500        0.0000         0.56210
-0.65300        0.0000         0.57244
-0.65100        0.0000         0.58270
-0.64900        0.0000         0.59286
-0.64700        0.0000         0.60292
-0.64500        0.0000         0.61290
-0.64300        0.0000         0.62278
-0.64100        0.0000         0.63257
-0.63900        0.0000         0.64226
-0.63700        0.0000         0.65185
-0.63500        0.0000         0.66132
-0.63300        0.0000         0.67070
-0.63100        0.0000         0.67996
-0.62900        0.0000         0.68911
-0.62700        0.0000         0.69816
-0.62500        0.0000         0.70710
-0.62300        0.0000         0.71593
-0.62100        0.0000         0.72465
-0.61900        0.0000         0.73326
-0.61700        0.0000         0.74175
-0.61500        0.0000         0.75012
-0.61300        0.0000         0.75837
-0.61100        0.0000         0.76650
-0.60900        0.0000         0.77450
-0.60700        0.0000         0.78238
-0.60500        0.0000         0.79015
-0.60300        0.0000         0.79779
-0.60100        0.0000         0.80530
-0.59900        0.0000         0.81270
-0.59700        0.0000         0.81996
-0.59500        0.0000         0.82709
-0.59300        0.0000         0.83409
-0.59100        0.0000         0.84095
-0.58900        0.0000         0.84768
-0.58700        0.0000         0.85427
-0.58500        0.0000         0.86073
-0.58300        0.0000         0.86706
-0.58100        0.0000         0.87326
-0.57900        0.0000         0.87932
-0.57700        0.0000         0.88524
-0.57500        0.0000         0.89101
-0.57300        0.0000         0.89665
-0.57100        0.0000         0.90214
-0.56900        0.0000         0.90748
-0.56700        0.0000         0.91269
-0.56500        0.0000         0.91775
-0.56300        0.0000         0.92267
-0.56100        0.0000         0.92744
-0.55900        0.0000         0.93207
-0.55700        0.0000         0.93655
-0.55500        0.0000         0.94088
-0.55300        0.0000         0.94507
-0.55100        0.0000         0.94910
-0.54900        0.0000         0.95298
-0.54700        0.0000         0.95671
-0.54500        0.0000         0.96029
-0.54300        0.0000         0.96372
-0.54100        0.0000         0.96700
-0.53900        0.0000         0.97013
-0.53700        0.0000         0.97310
-0.53500        0.0000         0.97592
-0.53300        0.0000         0.97858
-0.53100        0.0000         0.98109
-0.52900        0.0000         0.98344
-0.52700        0.0000         0.98564
-0.52500        0.0000         0.98768
-0.52300        0.0000         0.98957
-0.52100        0.0000         0.99130
-0.51900        0.0000         0.99288
-0.51700        0.0000         0.99430
-0.51500        0.0000         0.99556
-0.51300        0.0000         0.99667
-0.51100        0.0000         0.99761
-0.50900        0.0000         0.99840
-0.50700        0.0000         0.99903
-0.50500        0.0000         0.99950
-0.50300        0.0000         0.99982
-0.50100        0.0000         0.99998
-0.49900        0.0000         0.99998
-0.49700        0.0000         0.99982
-0.49500        0.0000         0.99950
-0.49300        0.0000         0.99903
-0.49100        0.0000         0.99840
-0.48900        0.0000         0.99761
-0.48700        0.0000         0.99667
-0.48500        0.0000         0.99556
-0.48300        0.0000         0.99430
-0.48100        0.0000         0.99288
-0.47900        0.0000         0.99130
-0.47700        0.0000         0.98957
-0.47500        0.0000         0.98768
-0.47300        0.0000         0.98564
-0.47100        0.0000         0.98344
-0.46900        0.0000         0.98109
-0.46700        0.0000         0.97858
-0.46500        0.0000         0.97592
-0.46300        0.0000         0.97310
-0.46100        0.0000         0.97013
-0.45900        0.0000         0.96700
-0.45700        0.0000         0.96372
-0.45500        0.0000         0.96029
-0.45300        0.0000         0.95671
-0.45100        0.0000         0.95298
-0.44900        0.0000         0.94910
-0.44700        0.0000         0.94507
-0.44500        0.0000         0.94088
-0.44300        0.0000         0.93655
-0.44100        0.0000         0.93207
-0.43900        0.0000         0.92744
-0.43700        0.0000         0.92267
-0.43500        0.0000         0.91775
-0.43300        0.0000         0.91269
-0.43100        0.0000         0.90748
-0.42900        0.0000         0.90214
-0.42700        0.0000         0.89665
-0.42500        0.0000         0.89101
-0.42300        0.0000         0.88524
-0.42100        0.0000         0.87932
-0.41900        0.0000         0.87326
-0.41700        0.0000         0.86706
-0.41500        0.0000         0.86073
-0.41300        0.0000         0.85427
-0.41100        0.0000         0.84768
-0.40900        0.0000         0.84095
-0.40700        0.0000         0.83409
-0.40500        0.0000         0.82709
-0.40300        0.0000         0.81996
-0.40100        0.0000         0.81270
-0.39900        0.0000         0.80530
-0.39700        0.0000         0.79779
-0.39500        0.0000         0.79015
-0.39300        0.0000         0.78238
-0.39100        0.0000         0.77450
-0.38900        0.0000         0.76650
-0.38700        0.0000         0.75837
-0.38500        0.0000         0.75012
-0.38300        0.0000         0.74175
-0.38100        0.0000         0.73326
-0.37900        0.0000         0.72465
-0.37700        0.0000         0.71593
-0.37500        0.0000         0.70710
-0.37300        0.0000         0.69816
-0.37100        0.0000         0.68911
-0.36900        0.0000         0.67996
-0.36700        0.0000         0.67070
-0.36500        0.0000         0.66132
-0.36300        0.0000         0.65185
-0.36100        0.0000         0.64226
-0.35900        0.0000         0.63257
-0.35700        0.0000         0.62278
-0.35500        0.0000         0.61290
-0.35300        0.0000         0.60292
-0.35100        0.0000         0.59286
-0.34900        0.0000         0.58270
-0.34700        0.0000         0.57244
-0.34500        0.0000         0.56210
-0.34300        0.0000         0.55166
-0.34100        0.0000         0.54113
-0.33900        0.0000         0.53051
-0.33700        0.0000         0.51981
-0.33500        0.0000         0.50903
-0.33300        0.0000         0.49818
-0.33100        0.0000         0.48725
-0.32900        0.0000         0.47624
-0.32700        0.0000         0.46516
-0.32500        0.0000         0.45401
-0.32300        0.0000         0.44277
-0.32100        0.0000         0.43146
-0.31900        0.0000         0.42008
-0.31700        0.0000         0.40864
-0.31500        0.0000         0.39714
-0.31300        0.0000         0.38558
-0.31100        0.0000         0.37396
-0.30900        0.0000         0.36228
-0.30700        0.0000         0.35055
-0.30500        0.0000         0.33875
-0.30300        0.0000         0.32690
-0.30100        0.0000         0.31499
-0.29900        0.0000         0.30303
-0.29700        0.0000         0.29102
-0.29500        0.0000         0.27898
-0.29300        0.0000         0.26689
-0.29100        0.0000         0.25477
-0.28900        0.0000         0.24260
-0.28700        0.0000         0.23040
-0.28500        0.0000         0.21816
-0.28300        0.0000         0.20588
-0.28100        0.0000         0.19356
-0.27900        0.0000         0.18120
-0.27700        0.0000         0.16882
-0.27500        0.0000         0.15642
-0.27300        0.0000         0.14400
-0.27100        0.0000         0.13156
-0.26900        0.0000         0.11910
-0.26700        0.0000         0.10662
-0.26500        0.0000         0.094124
-0.26300        0.0000         0.081606
-0.26100        0.0000         0.069067
-0.25900        0.0000         0.056512
-0.25700        0.0000         0.043954
-0.25500        0.0000         0.031395
-0.25300        0.0000         0.018837
-0.25100        0.0000         0.0062791
-0.24900        0.0000         -0.0062791
-0.24700        0.0000         -0.018837
-0.24500        0.0000         -0.031395
-0.24300        0.0000         -0.043954
-0.24100        0.0000         -0.056512
-0.23900        0.0000         -0.069067
-0.23700        0.0000         -0.081606
-0.23500        0.0000         -0.094124
-0.23300        0.0000         -0.10662
-0.23100        0.0000         -0.11910
-0.22900        0.0000         -0.13156
-0.22700        0.0000         -0.14400
-0.22500        0.0000         -0.15642
-0.22300        0.0000         -0.16882
-0.22100        0.0000         -0.18120
-0.21900        0.0000         -0.19356
-0.21700        0.0000         -0.20588
-0.21500        0.0000         -0.21816
-0.21300        0.0000         -0.23040
-0.21100        0.0000         -0.24260
-0.20900        0.0000         -0.25477
-0.20700        0.0000         -0.26689
-0.20500        0.0000         -0.27898
-0.20300        0.0000         -0.29102
-0.20100        0.0000         -0.30303
-0.19900        0.0000         -0.31499
-0.19700        0.0000         -0.32690
-0.19500        0.0000         -0.33875
-0.19300        0.0000         -0.35055
-0.19100        0.0000         -0.36228
-0.18900        0.0000         -0.37396
-0.18700        0.0000         -0.38558
-0.18500        0.0000         -0.39714
-0.18300        0.0000         -0.40864
-0.18100        0.0000         -0.42008
-0.17900        0.0000         -0.43146
-0.17700        0.0000         -0.44277
-0.17500        0.0000         -0.45401
-0.17300        0.0000         -0.46516
-0.17100        0.0000         -0.47624
-0.16900        0.0000         -0.48725
-0.16700        0.0000         -0.49818
-0.16500        0.0000         -0.50903
-0.16300        0.0000         -0.51981
-0.16100        0.0000         -0.53051
-0.15900        0.0000         -0.54113
-0.15700        0.0000         -0.55166
-0.15500        0.0000         -0.56210
-0.15300        0.0000         -0.57244
-0.15100        0.0000         -0.58270
-0.14900        0.0000         -0.59286
-0.14700        0.0000         -0.60292
-0.14500        0.0000         -0.61290
-0.14300        0.0000         -0.62278
-0.14100        0.0000         -0.63257
-0.13900        0.0000         -0.64226
-0.13700        0.0000         -0.65185
-0.13500        0.0000         -0.66132
-0.13300        0.0000         -0.67070
-0.13100        0.0000         -0.67996
-0.12900        0.0000         -0.68911
-0.12700        0.0000         -0.69816
-0.12500        0.0000         -0.70710
-0.12300        0.0000         -0.71593
-0.12100        0.0000         -0.72465
-0.11900        0.0000         -0.73326
-0.11700        0.0000         -0.74175
-0.11500        0.0000         -0.75012
-0.11300        0.0000         -0.75837
-0.11100        0.0000         -0.76650
-0.10900        0.0000         -0.77450
-0.10700        0.0000         -0.78238
-0.10500        0.0000         -0.79015
-0.10300        0.0000         -0.79779
-0.10100        0.0000         -0.80530
-0.099000       0.0000         -0.81270
-0.097000       0.0000         -0.81996
-0.095000       0.0000         -0.82709
-0.093000       0.0000         -0.83409
-0.091000       0.0000         -0.84095
-0.089000       0.0000         -0.84768
-0.087000       0.0000         -0.85427
-0.085000       0.0000         -0.86073
-0.083000       0.0000         -0.86706
-0.081000       0.0000         -0.87326
-0.079000       0.0000         -0.87932
-0.077000       0.0000         -0.88524
-0.075000       0.0000         -0.89101
-0.073000       0.0000         -0.89665
-0.071000       0.0000         -0.90214
-0.069000       0.0000         -0.90748
-0.067000       0.0000         -0.91269
-0.065000       0.0000         -0.91775
-0.063000       0.0000         -0.92267
-0.061000       0.0000         -0.92744
-0.059000       0.0000         -0.93207
-0.057000       0.0000         -0.93655
-0.055000       0.0000         -0.94088
-0.053000       0.0000         -0.94507
-0.051000       0.0000         -0.94910
-0.049000       0.0000         -0.95298
-0.047000       0.0000         -0.95671
-0.045000       0.0000         -0.96029
-0.043000       0.0000         -0.96372
-0.041000       0.0000         -0.96700
-0.039000       0.0000         -0.97013
-0.037000       0.0000         -0.97310
-0.035000       0.0000         -0.97592
-0.033000       0.0000         -0.97858
-0.031000       0.0000         -0.98109
-0.029000       0.0000         -0.98344
-0.027000       0.0000         -0.98564
-0.025000       0.0000         -0.98768
-0.023000       0.0000         -0.98957
-0.021000       0.0000         -0.99130
-0.019000       0.0000         -0.99288
-0.017000       0.0000         -0.99430
-0.015000       0.0000         -0.99556
-0.013000       0.0000         -0.99667
-0.011000       0.0000         -0.99761
-0.0090000      0.0000         -0.99840
-0.0070000      0.0000         -0.99903
-0.0050000      0.0000         -0.99950
-0.0030000      0.0000         -0.99982
-0.0010000      0.0000         -0.99998
0.0010000       0.0000         -0.99998
0.0030000       0.0000         -0.99982
0.0050000       0.0000         -0.99950
0.0070000       0.0000         -0.99903
0.0090000       0.0000         -0.99840
0.011000        0.0000         -0.99761
0.013000        0.0000         -0.99667
0.015000        0.0000         -0.99556
0.017000        0.0000         -0.99430
0.019000        0.0000         -0.99288
0.021000        0.0000         -0.99130
0.023000        0.0000         -0.98957
0.025000        0.0000         -0.98768
0.027000        0.0000         -0.98564
0.029000        0.0000         -0.98344
0.031000        0.0000         -0.98109
0.033000        0.0000         -0.97858
0.035000        0.0000         -0.97592
0.037000        0.0000         -0.97310
0.039000        0.0000         -0.97013
0.041000        0.0000         -0.96700
0.043000        0.0000         -0.96372
0.045000        0.0000         -0.96029
0.047000        0.0000         -0.95671
0.049000        0.0000         -0.95298
0.051000        0.0000         -0.94910
0.053000        0.0000         -0.94507
0.055000        0.0000         -0.94088
0.057000        0.0000         -0.93655
0.059000        0.0000         -0.93207
0.061000        0.0000         -0.92744
0.063000        0.0000         -0.92267
0.065000        0.0000         -0.91775
0.067000        0.0000         -0.91269
0.069000        0.0000         -0.90748
0.071000        0.0000         -0.90214
0.073000        0.0000         -0.89665
0.075000        0.0000         -0.89101
0.077000        0.0000         -0.88524
0.079000        0.0000         -0.87932
0.081000        0.0000         -0.87326
0.083000        0.0000         -0.86706
0.085000        0.0000         -0.86073
0.087000        0.0000         -0.85427
0.089000        0.0000         -0.84768
0.091000        0.0000         -0.84095
0.093000        0.0000         -0.83409
0.095000        0.0000         -0.82709
0.097000        0.0000         -0.81996
0.099000        0.0000         -0.81270
0.10100         0.0000         -0.80530
0.10300         0.0000         -0.79779
0.10500         0.0000         -0.79015
0.10700         0.0000         -0.78238
0.10900         0.0000         -0.77450
0.11100         0.0000         -0.76650
0.11300         0.0000         -0.75837
0.11500         0.0000         -0.75012
0.11700         0.0000         -0.74175
0.11900         0.0000         -0.73326
0.12100         0.0000         -0.72465
0.12300         0.0000         -0.71593
0.12500         0.0000         -0.70710
0.12700         0.0000         -0.69816
0.12900         0.0000         -0.68911
0.13100         0.0000         -0.67996
0.13300         0.0000         -0.67070
0.13500         0.0000         -0.66132
0.13700         0.0000         -0.65185
0.13900         0.0000         -0.64226
0.14100         0.0000         -0.63257
0.14300         0.0000         -0.62278
0.14500         0.0000         -0.61290
0.14700         0.0000         -0.60292
0.14900         0.0000         -0.59286
0.15100         0.0000         -0.58270
0.15300         0.0000         -0.57244
0.15500         0.0000         -0.56210
0.15700         0.0000         -0.55166
0.15900         0.0000         -0.54113
0.16100         0.0000         -0.53051
0.16300         0.0000         -0.51981
0.16500         0.0000         -0.50903
0.16700         0.0000         -0.49818
0.16900         0.0000         -0.48725
0.17100         0.0000         -0.47624
0.17300         0.0000         -0.46516
0.17500         0.0000         -0.45401
0.17700         0.0000         -0.44277
0.17900         0.0000         -0.43146
0.18100         0.0000         -0.42008
0.18300         0.0000         -0.40864
0.18500         0.0000         -0.39714
0.18700         0.0000         -0.38558
0.18900         0.0000         -0.37396
0.19100         0.0000         -0.36228
0.19300         0.0000         -0.35055
0.19500         0.0000         -0.33875
0.19700         0.0000         -0.32690
0.19900         0.0000         -0.31499
0.20100         0.0000         -0.30303
0.20300         0.0000         -0.29102
0.20500         0.0000         -0.27898
0.20700         0.0000         -0.26689
0.20900         0.0000         -0.25477
0.21100         0.0000         -0.24260
0.21300         0.0000         -0.23040
0.21500         0.0000         -0.21816
0.21700         0.0000         -0.20588
0.21900         0.0000         -0.19356
0.22100         0.0000         -0.18120
0.22300         0.0000         -0.16882
0.22500         0.0000         -0.15642
0.22700         0.0000         -0.14400
0.22900         0.0000         -0.13156
0.23100         0.0000         -0.11910
0.23300         0.0000         -0.10662
0.23500         0.0000         -0.094124
0.23700         0.0000         -0.081606
0.23900         0.0000         -0.069067
0.24100         0.0000         -0.056512
0.24300         0.0000         -0.043954
0.24500         0.0000         -0.031395
0.24700         0.0000         -0.018837
0.24900         0.0000         -0.0062791
0.25100         0.0000         0.0062791
0.25300         0.0000         0.018837
0.25500         0.0000         0.031395
0.25700         0.0000         0.043954
0.25900         0.0000         0.056512
0.26100         0.0000         0.069067
0.26300         0.0000         0.081606
0.26500         0.0000         0.094124
0.26700         0.0000         0.10662
0.26900         0.0000         0.11910
0.27100         0.0000         0.13156
0.27300         0.0000         0.14400
0.27500         0.0000         0.15642
0.27700         0.0000         0.16882
0.27900         0.0000         0.18120
0.28100         0.0000         0.19356
0.28300         0.0000         0.20588
0.28500         0.0000         0.21816
0.28700         0.0000         0.23040
0.28900         0.0000         0.24260
0.29100         0.0000         0.25477
0.29300         0.0000         0.26689
0.29500         0.0000         0.27898
0.29700         0.0000         0.29102
0.29900         0.0000         0.30303
0.30100         0.0000         0.31499
0.30300         0.0000         0.32690
0.30500         0.0000         0.33875
0.30700         0.0000         0.35055
0.30900         0.0000         0.36228
0.31100         0.0000         0.37396
0.31300         0.0000         0.38558
0.31500         0.0000         0.39714
0.31700         0.0000         0.40864
0.31900         0.0000         0.42008
0.32100         0.0000         0.43146
0.32300         0.0000         0.44277
0.32500         0.0000         0.45401
0.32700         0.0000         0.46516
0.32900         0.0000         0.47624
0.33100         0.0000         0.48725
0.33300         0.0000         0.49818
0.33500         0.0000         0.50903
0.33700         0.0000         0.51981
0.33900         0.0000         0.53051
0.34100         0.0000         0.54113
0.34300         0.0000         0.55166
0.34500         0.0000         0.56210
0.34700         0.0000         0.57244
0.34900         0.0000         0.58270
0.35100         0.0000         0.59286
0.35300         0.0000         0.60292
0.35500         0.0000         0.61290
0.35700         0.0000         0.62278
0.35900         0.0000         0.63257
0.36100         0.0000         0.64226
0.36300         0.0000         0.65185
0.36500         0.0000         0.66132
0.36700         0.0000         0.67070
0.36900         0.0000         0.67996
0.37100         0.0000         0.68911
0.37300         0.0000         0.69816
0.37500         0.0000         0.70710
0.37700         0.0000         0.71593
0.37900         0.0000         0.72465
0.38100         0.0000         0.73326
0.38300         0.0000         0.74175
0.38500         0.0000         0.75012
0.38700         0.0000         0.75837
0.38900         0.0000         0.76650
0.39100         0.0000         0.77450
0.39300         0.0000         0.78238
0.39500         0.0000         0.79015
0.39700         0.0000         0.79779
0.39900         0.0000         0.80530
0.40100         0.0000         0.81270
0.40300         0.0000         0.81996
0.40500         0.0000         0.82709
0.40700         0.0000         0.83409
0.40900         0.0000         0.84095
0.41100         0.0000         0.84768
0.41300         0.0000         0.85427
0.41500         0.0000         0.86073
0.41700         0.0000         0.86706
0.41900         0.0000         0.87326
0.42100         0.0000         0.87932
0.42300         0.0000         0.88524
0.42500         0.0000         0.89101
0.42700         0.0000         0.89665
0.42900         0.0000         0.90214
0.43100         0.0000         0.90748
0.43300         0.0000         0.91269
0.43500         0.0000         0.91775
0.43700         0.0000         0.92267
0.43900         0.0000         0.92744
0.44100         0.0000         0.93207
0.44300         0.0000         0.93655
0.44500         0.0000         0.94088
0.44700         0.0000         0.94507
0.44900         0.0000         0.94910
0.45100         0.0000         0.95298
0.45300         0.0000         0.95671
0.45500         0.0000         0.96029
0.45700         0.0000         0.96372
0.45900         0.0000         0.96700
0.46100         0.0000         0.97013
0.46300         0.0000         0.97310
0.46500         0.0000         0.97592
0.46700         0.0000         0.97858
0.46900         0.0000         0.98109
0.47100         0.0000         0.98344
0.47300         0.0000         0.98564
0.47500         0.0000         0.98768
0.47700         0.0000         0.98957
0.47900         0.0000         0.99130
0.48100         0.0000         0.99288
0.48300         0.0000         0.99430
0.48500         0.0000         0.99556
0.48700         0.0000         0.99667
0.48900         0.0000         0.99761
0.49100         0.0000         0.99840
0.49300         0.0000         0.99903
0.49500         0.0000         0.99950
0.49700         0.0000         0.99982
0.49900         0.0000         0.99998
0.50100         0.0000         0.99998
0.50300         0.0000         0.99982
0.50500         0.0000         0.99950
0.50700         0.0000         0.99903
0.50900         0.0000         0.99840
0.51100         0.0000         0.99761
0.51300         0.0000         0.99667
0.51500         0.0000         0.99556
0.51700         0.0000         0.99430
0.51900         0.0000         0.99288
0.52100         0.0000         0.99130
0.52300         0.0000         0.98957
0.52500         0.0000         0.98768
0.52700         0.0000         0.98564
0.52900         0.0000         0.98344
0.53100         0.0000         0.98109
0.53300         0.0000         0.97858
0.53500         0.0000         0.97592
0.53700         0.0000         0.97310
0.53900         0.0000         0.97013
0.54100         0.0000         0.96700
0.54300         0.0000         0.96372
0.54500         0.0000         0.96029
0.54700         0.0000         0.95671
0.54900         0.0000         0.95298
0.55100         0.0000         0.94910
0.55300         0.0000         0.94507
0.55500         0.0000         0.94088
0.55700         0.0000         0.93655
0.55900         0.0000         0.93207
0.56100         0.0000         0.92744
0.56300         0.0000         0.92267
0.56500         0.0000         0.91775
0.56700         0.0000         0.91269
0.56900         0.0000         0.90748
0.57100         0.0000         0.90214
0.57300         0.0000         0.89665
0.57500         0.0000         0.89101
0.57700         0.0000         0.88524
0.57900         0.0000         0.87932
0.58100         0.0000         0.87326
0.58300         0.0000         0.86706
0.58500         0.0000         0.86073
0.58700         0.0000         0.85427
0.58900         0.0000         0.84768
0.59100         0.0000         0.84095
0.59300         0.0000         0.83409
0.59500         0.0000         0.82709
0.59700         0.0000         0.81996
0.59900         0.0000         0.81270
0.60100         0.0000         0.80530
0.60300         0.0000         0.79779
0.60500         0.0000         0.79015
0.60700         0.0000         0.78238
0.60900         0.0000         0.77450
0.61100         0.0000         0.76650
0.61300         0.0000         0.75837
0.61500         0.0000         0.75012
0.61700         0.0000         0.74175
0.61900         0.0000         0.73326
0.62100         0.0000         0.72465
0.62300         0.0000         0.71593
0.62500         0.0000         0.70710
0.62700         0.0000         0.69816
0.62900         0.0000         0.68911
0.63100         0.0000         0.67996
0.63300         0.0000         0.67070
0.63500         0.0000         0.66132
0.63700         0.0000         0.65185
0.63900         0.0000         0.64226
0.64100         0.0000         0.63257
0.64300         0.0000         0.62278
0.64500         0.0000         0.61290
0.64700         0.0000         0.60292
0.64900         0.0000         0.59286
0.65100         0.0000         0.58270
0.65300         0.0000         0.57244
0.65500         0.0000         0.56210
0.65700         0.0000         0.55166
0.65900         0.0000         0.54113
0.66100         0.0000         0.53051
0.66300         0.0000         0.51981
0.66500         0.0000         0.50903
0.66700         0.0000         0.49818
0.66900         0.0000         0.48725
0.67100         0.0000         0.47624
0.67300         0.0000         0.46516
0.67500         0.0000         0.45401
0.67700         0.0000         0.44277
0.67900         0.0000         0.43146
0.68100         0.0000         0.42008
0.68300         0.0000         0.40864
0.68500         0.0000         0.39714
0.68700         0.0000         0.38558
0.68900         0.0000         0.37396
0.69100         0.0000         0.36228
0.69300         0.0000         0.35055
0.69500         0.0000         0.33875
0.69700         0.0000         0.32690
0.69900         0.0000         0.31499
0.70100         0.0000         0.30303
0.70300         0.0000         0.29102
0.70500         0.0000         0.27898
0.70700         0.0000         0.26689
0.70900         0.0000         0.25477
0.71100         0.0000         0.24260
0.71300         0.0000         0.23040
0.71500         0.0000         0.21816
0.71700         0.0000         0.20588
0.71900         0.0000         0.19356
0.72100         0.0000         0.18120
0.72300         0.0000         0.16882
0.72500         0.0000         0.15642
0.72700         0.0000         0.14400
0.72900         0.0000         0.13156
0.73100         0.0000         0.11910
0.73300         0.0000         0.10662
0.73500         0.0000         0.094124
0.73700         0.0000         0.081606
0.73900         0.0000         0.069067
0.74100         0.0000         0.056512
0.74300         0.0000         0.043954
0.74500         0.0000         0.031395
0.74700         0.0000         0.018837
0.74900         0.0000         0.0062791
0.75100         0.0000         -0.0062791
0.75300         0.0000         -0.018837
0.75500         0.0000         -0.031395
0.75700         0.0000         -0.043954
0.75900         0.0000         -0.056512
0.76100         0.0000         -0.069067
0.76300         0.0000         -0.081606
0.76500         0.0000         -0.094124
0.76700         0.0000         -0.10662
0.76900         0.0000         -0.11910
0.77100         0.0000         -0.13156
0.77300         0.0000         -0.14400
0.77500         0.0000         -0.15642
0.77700         0.0000         -0.16882
0.77900         0.0000         -0.18120
0.78100         0.0000         -0.19356
0.78300         0.0000         -0.20588
0.78500         0.0000         -0.21816
0.78700         0.0000         -0.23040
0.78900         0.0000         -0.24260
0.79100         0.0000         -0.25477
0.79300         0.0000         -0.26689
0.79500         0.0000         -0.27898
0.79700         0.0000         -0.29102
0.79900         0.0000         -0.30303
0.80100         0.0000         -0.31499
0.80300         0.0000         -0.32690
0.80500         0.0000         -0.33875
0.80700         0.0000         -0.35055
0.80900         0.0000         -0.36228
0.81100         0.0000         -0.37396
0.81300         0.0000         -0.38558
0.81500         0.0000         -0.39714
0.81700         0.0000         -0.40864
0.81900         0.0000         -0.42008
0.82100         0.0000         -0.43146
0.82300         0.0000         -0.44277
0.82500         0.0000         -0.45401
0.82700         0.0000         -0.46516
0.82900         0.0000         -0.47624
0.83100         0.0000         -0.48725
0.83300         0.0000         -0.49818
0.83500         0.0000         -0.50903
0.83700         0.0000         -0.51981
0.83900         0.0000         -0.53051
0.84100         0.0000         -0.54113
0.84300         0.0000         -0.55166
0.84500         0.0000         -0.56210
0.84700         0.0000         -0.57244
0.84900         0.0000         -0.58270
0.85100         0.0000         -0.59286
0.85300         0.0000         -0.60292
0.85500         0.0000         -0.61290
0.85700         0.0000         -0.62278
0.85900         0.0000         -0.63257
0.86100         0.0000         -0.64226
0.86300         0.0000         -0.65185
0.86500         0.0000         -0.66132
0.86700         0.0000         -0.67070
0.86900         0.0000         -0.67996
0.87100         0.0000         -0.68911
0.87300         0.0000         -0.69816
0.87500         0.0000         -0.70710
0.87700         0.0000         -0.71593
0.87900         0.0000         -0.72465
0.88100         0.0000         -0.73326
0.88300         0.0000         -0.74175
0.88500         0.0000         -0.75012
0.88700         0.0000         -0.75837
0.88900         0.0000         -0.76650
0.89100         0.0000         -0.77450
0.89300         0.0000         -0.78238
0.89500         0.0000         -0.79015
0.89700         0.0000         -0.79779
0.89900         0.0000         -0.80530
0.90100         0.0000         -0.81270
0.90300         0.0000         -0.81996
0.90500         0.0000         -0.82709
0.90700         0.0000         -0.83409
0.90900         0.0000         -0.84095
0.91100         0.0000         -0.84768
0.91300         0.0000         -0.85427
0.91500         0.0000         -0.86073
0.91700         0.0000         -0.86706
0.91900         0.0000         -0.87326
0.92100         0.0000         -0.87932
0.92300         0.0000         -0.88524
0.92500         0.0000         -0.89101
0.92700         0.0000         -0.89665
0.92900         0.0000         -0.90214
0.93100         0.0000         -0.90748
0.93300         0.0000         -0.91269
0.93500         0.0000         -0.91775
0.93700         0.0000         -0.92267
0.93900         0.0000         -0.92744
0.94100         0.0000         -0.93207
0.94300         0.0000         -0.93655
0.94500         0.0000         -0.94088
0.94700         0.0000         -0.94507
0.94900         0.0000         -0.94910
0.95100         0.0000         -0.95298
0.95300         0.0000         -0.95671
0.95500         0.0000         -0.96029
0.95700         0.0000         -0.96372
0.95900         0.0000         -0.96700
0.96100         0.0000         -0.97013
0.96300         0.0000         -0.97310
0.96500         0.0000         -0.97592
0.96700         0.0000         -0.97858
0.96900         0.0000         -0.98109
0.97100         0.0000         -0.98344
0.97300         0.0000         -0.98564
0.97500         0.0000         -0.98768
0.97700         0.0000         -0.98957
0.97900         0.0000         -0.99130
0.98100         0.0000         -0.99288
0.98300         0.0000         -0.99430
0.98500         0.0000         -0.99556
0.98700         0.0000         -0.99667
0.98900         0.0000         -0.99761
0.99100         0.0000         -0.99840
0.99300         0.0000         -0.99903
0.99500         0.0000         -0.99950
0.99700         0.0000         -0.99982
0.99900         0.0000         -0.99998
