-0.99900        0.50000        -0.85939
-0.99700        0.50000        -0.85934
-0.99500        0.50000        -0.85926
-0.99300        0.50000        -0.85913
-0.99100        0.50000        -0.85896
-0.98900        0.50000        -0.85874
-0.98700        0.50000        -0.85848
-0.98500        0.50000        -0.85818
-0.98300        0.50000        -0.85784
-0.98100        0.50000        -0.85745
-0.97900        0.50000        -0.85702
-0.97700        0.50000        -0.85655
-0.97500        0.50000        -0.85603
-0.97300        0.50000        -0.85548
-0.97100        0.50000        -0.85488
-0.96900        0.50000        -0.85424
-0.96700        0.50000        -0.85356
-0.96500        0.50000        -0.85283
-0.96300        0.50000        -0.85207
-0.96100        0.50000        -0.85126
-0.95900        0.50000        -0.85041
-0.95700        0.50000        -0.84952
-0.95500        0.50000        -0.84859
-0.95300        0.50000        -0.84762
-0.95100        0.50000        -0.84662
-0.94900        0.50000        -0.84558
-0.94700        0.50000        -0.84450
-0.94500        0.50000        -0.84338
-0.94300        0.50000        -0.84223
-0.94100        0.50000        -0.84104
-0.93900        0.50000        -0.83981
-0.93700        0.50000        -0.83854
-0.93500        0.50000        -0.83725
-0.93300        0.50000        -0.83594
-0.93100        0.50000        -0.83460
-0.92900        0.50000        -0.83324
-0.92700        0.50000        -0.83185
-0.92500        0.50000        -0.83044
-0.92300        0.50000        -0.82900
-0.92100        0.50000        -0.82753
-0.91900        0.50000        -0.82604
-0.91700        0.50000        -0.82454
-0.91500        0.50000        -0.82305
-0.91300        0.50000        -0.82156
-0.91100        0.50000        -0.82008
-0.90900        0.50000        -0.81860
-0.90700        0.50000        -0.81713
-0.90500        0.50000        -0.81567
-0.90300        0.50000        -0.81421
-0.90100        0.50000        -0.81276
-0.89900        0.50000        -0.81131
-0.89700        0.50000        -0.80991
-0.89500        0.50000        -0.80858
-0.89300        0.50000        -0.80732
-0.89100        0.50000        -0.80611
-0.88900        0.50000        -0.80498
-0.88700        0.50000        -0.80391
-0.88500        0.50000        -0.80291
-0.88300        0.50000        -0.80197
-0.88100        0.50000        -0.80110
-0.87900        0.50000        -0.80030
-0.87700        0.50000        -0.79964
-0.87500        0.50000        -0.79912
-0.87300        0.50000        -0.79875
-0.87100        0.50000        -0.79851
-0.86900        0.50000        -0.79841
-0.86700        0.50000        -0.79846
-0.86500        0.50000        -0.79864
-0.86300        0.50000        -0.79897
-0.86100        0.50000        -0.79944
-0.85900        0.50000        -0.80008
-0.85700        0.50000        -0.80092
-0.85500        0.50000        -0.80193
-0.85300        0.50000        -0.80313
-0.85100        0.50000        -0.80450
-0.84900        0.50000        -0.80605
-0.84700        0.50000        -0.80778
-0.84500        0.50000        -0.80969
-0.84300        0.50000        -0.81178
-0.84100        0.50000        -0.81405
-0.83900        0.50000        -0.81652
-0.83700        0.50000        -0.81915
-0.83500        0.50000        -0.82192
-0.83300        0.50000        -0.82481
-0.83100        0.50000        -0.82783
-0.82900        0.50000        -0.83098
-0.82700        0.50000        -0.83425
-0.82500        0.50000        -0.83765
-0.82300        0.50000        -0.84118
-0.82100        0.50000        -0.84484
-0.81900        0.50000        -0.84866
-0.81700        0.50000        -0.85253
-0.81500        0.50000        -0.85638
-0.81300        0.50000        -0.86021
-0.81100        0.50000        -0.86403
-0.80900        0.50000        -0.86782
-0.80700        0.50000        -0.87160
-0.80500        0.50000        -0.87536
-0.80300        0.50000        -0.87910
-0.80100        0.50000        -0.88282
-0.79900        0.50000        -0.88704
-0.79700        0.50000        -0.89114
-0.79500        0.50000        -0.89440
-0.79300        0.50000        -0.89682
-0.79100        0.50000        -0.89840
-0.78900        0.50000        -0.89913
-0.78700        0.50000        -0.89902
-0.78500        0.50000        -0.89807
-0.78300        0.50000        -0.89627
-0.78100        0.50000        -0.89364
-0.77900        0.50000        -0.89341
-0.77700        0.50000        -0.89046
-0.77500        0.50000        -0.87984
-0.77300        0.50000        -0.86154
-0.77100        0.50000        -0.83558
-0.76900        0.50000        -0.80193
-0.76700        0.50000        -0.76062
-0.76500        0.50000        -0.71163
-0.76300        0.50000        -0.65496
-0.76100        0.50000        -0.59062
-0.75900        0.50000        -0.50002
-0.75700        0.50000        -0.38890
-0.75500        0.50000        -0.27779
-0.75300        0.50000        -0.16667
-0.75100        0.50000        -0.055558
-0.74900        0.50000        0.055558
-0.74700        0.50000        0.16667
-0.74500        0.50000        0.27779
-0.74300        0.50000        0.38890
-0.74100        0.50000        0.50002
-0.73900        0.50000        0.59062
-0.73700        0.50000        0.65496
-0.73500        0.50000        0.71163
-0.73300        0.50000        0.76062
-0.73100        0.50000        0.80193
-0.72900        0.50000        0.83558
-0.72700        0.50000        0.86154
-0.72500        0.50000        0.87984
-0.72300        0.50000        0.89046
-0.72100        0.50000        0.89341
-0.71900        0.50000        0.89364
-0.71700        0.50000        0.89627
-0.71500        0.50000        0.89807
-0.71300        0.50000        0.89902
-0.71100        0.50000        0.89913
-0.70900        0.50000        0.89840
-0.70700        0.50000        0.89682
-0.70500        0.50000        0.89440
-0.70300        0.50000        0.89114
-0.70100        0.50000        0.88704
-0.69900        0.50000        0.88282
-0.69700        0.50000        0.87910
-0.69500        0.50000        0.87536
-0.69300        0.50000        0.87160
-0.69100        0.50000        0.86782
-0.68900        0.50000        0.86403
-0.68700        0.50000        0.86021
-0.68500        0.50000        0.85638
-0.68300        0.50000        0.85253
-0.68100        0.50000        0.84866
-0.67900        0.50000        0.84484
-0.67700        0.50000        0.84118
-0.67500        0.50000        0.83765
-0.67300        0.50000        0.83425
-0.67100        0.50000        0.83098
-0.66900        0.50000        0.82783
-0.66700        0.50000        0.82481
-0.66500        0.50000        0.82192
-0.66300        0.50000        0.81915
-0.66100        0.50000        0.81652
-0.65900        0.50000        0.81405
-0.65700        0.50000        0.81178
-0.65500        0.50000        0.80969
-0.65300        0.50000        0.80778
-0.65100        0.50000        0.80605
-0.64900        0.50000        0.80450
-0.64700        0.50000        0.80313
-0.64500        0.50000        0.80193
-0.64300        0.50000        0.80092
-0.64100        0.50000        0.80008
-0.63900        0.50000        0.79944
-0.63700        0.50000        0.79897
-0.63500        0.50000        0.79864
-0.63300        0.50000        0.79846
-0.63100        0.50000        0.79841
-0.62900        0.50000        0.79851
-0.62700        0.50000        0.79875
-0.62500        0.50000        0.79912
-0.62300        0.50000        0.79964
-0.62100        0.50000        0.80030
-0.61900        0.50000        0.80110
-0.61700        0.50000        0.80197
-0.61500        0.50000        0.80291
-0.61300        0.50000        0.80391
-0.61100        0.50000        0.80498
-0.60900        0.50000        0.80611
-0.60700        0.50000        0.80732
-0.60500        0.50000        0.80858
-0.60300        0.50000        0.80991
-0.60100        0.50000        0.81131
-0.59900        0.50000        0.81276
-0.59700        0.50000        0.81421
-0.59500        0.50000        0.81567
-0.59300        0.50000        0.81713
-0.59100        0.50000        0.81860
-0.58900        0.50000        0.82008
-0.58700        0.50000        0.82156
-0.58500        0.50000        0.82305
-0.58300        0.50000        0.82454
-0.58100        0.50000        0.82604
-0.57900        0.50000        0.82753
-0.57700        0.50000        0.82900
-0.57500        0.50000        0.83044
-0.57300        0.50000        0.83185
-0.57100        0.50000        0.83324
-0.56900        0.50000        0.83460
-0.56700        0.50000        0.83594
-0.56500        0.50000        0.83725
-0.56300        0.50000        0.83854
-0.56100        0.50000        0.83981
-0.55900        0.50000        0.84104
-0.55700        0.50000        0.84223
-0.55500        0.50000        0.84338
-0.55300        0.50000        0.84450
-0.55100        0.50000        0.84558
-0.54900        0.50000        0.84662
-0.54700        0.50000        0.84762
-0.54500        0.50000        0.84859
-0.54300        0.50000        0.84952
-0.54100        0.50000        0.85041
-0.53900        0.50000        0.85126
-0.53700        0.50000        0.85207
-0.53500        0.50000        0.85283
-0.53300        0.50000        0.85356
-0.53100        0.50000        0.85424
-0.52900        0.50000        0.85488
-0.52700        0.50000        0.85548
-0.52500        0.50000        0.85603
-0.52300        0.50000        0.85655
-0.52100        0.50000        0.85702
-0.51900        0.50000        0.85745
-0.51700        0.50000        0.85784
-0.51500        0.50000        0.85818
-0.51300        0.50000        0.85848
-0.51100        0.50000        0.85874
-0.50900        0.50000        0.85896
-0.50700        0.50000        0.85913
-0.50500        0.50000        0.85926
-0.50300        0.50000        0.85934
-0.50100        0.50000        0.85939
-0.49900        0.50000        0.85939
-0.49700        0.50000        0.85934
-0.49500        0.50000        0.85926
-0.49300        0.50000        0.85913
-0.49100        0.50000        0.85896
-0.48900        0.50000        0.85874
-0.48700        0.50000        0.85848
-0.48500        0.50000        0.85818
-0.48300        0.50000        0.85784
-0.48100        0.50000        0.85745
-0.47900        0.50000        0.85702
-0.47700        0.50000        0.85655
-0.47500        0.50000        0.85603
-0.47300        0.50000        0.85548
-0.47100        0.50000        0.85488
-0.46900        0.50000        0.85424
-0.46700        0.50000        0.85356
-0.46500        0.50000        0.85283
-0.46300        0.50000        0.85207
-0.46100        0.50000        0.85126
-0.45900        0.50000        0.85041
-0.45700        0.50000        0.84952
-0.45500        0.50000        0.84859
-0.45300        0.50000        0.84762
-0.45100        0.50000        0.84662
-0.44900        0.50000        0.84558
-0.44700        0.50000        0.84450
-0.44500        0.50000        0.84338
-0.44300        0.50000        0.84223
-0.44100        0.50000        0.84104
-0.43900        0.50000        0.83981
-0.43700        0.50000        0.83854
-0.43500        0.50000        0.83725
-0.43300        0.50000        0.83594
-0.43100        0.50000        0.83460
-0.42900        0.50000        0.83324
-0.42700        0.50000        0.83185
-0.42500        0.50000        0.83044
-0.42300        0.50000        0.82900
-0.42100        0.50000        0.82753
-0.41900        0.50000        0.82604
-0.41700        0.50000        0.82454
-0.41500        0.50000        0.82305
-0.41300        0.50000        0.82156
-0.41100        0.50000        0.82008
-0.40900        0.50000        0.81860
-0.40700        0.50000        0.81713
-0.40500        0.50000        0.81567
-0.40300        0.50000        0.81421
-0.40100        0.50000        0.81276
-0.39900        0.50000        0.81131
-0.39700        0.50000        0.80991
-0.39500        0.50000        0.80858
-0.39300        0.50000        0.80732
-0.39100        0.50000        0.80611
-0.38900        0.50000        0.80498
-0.38700        0.50000        0.80391
-0.38500        0.50000        0.80291
-0.38300        0.50000        0.80197
-0.38100        0.50000        0.80110
-0.37900        0.50000        0.80030
-0.37700        0.50000        0.79964
-0.37500        0.50000        0.79912
-0.37300        0.50000        0.79875
-0.37100        0.50000        0.79851
-0.36900        0.50000        0.79841
-0.36700        0.50000        0.79846
-0.36500        0.50000        0.79864
-0.36300        0.50000        0.79897
-0.36100        0.50000        0.79944
-0.35900        0.50000        0.80008
-0.35700        0.50000        0.80092
-0.35500        0.50000        0.80193
-0.35300        0.50000        0.80313
-0.35100        0.50000        0.80450
-0.34900        0.50000        0.80605
-0.34700        0.50000        0.80778
-0.34500        0.50000        0.80969
-0.34300        0.50000        0.81178
-0.34100        0.50000        0.81405
-0.33900        0.50000        0.81652
-0.33700        0.50000        0.81915
-0.33500        0.50000        0.82192
-0.33300        0.50000        0.82481
-0.33100        0.50000        0.82783
-0.32900        0.50000        0.83098
-0.32700        0.50000        0.83425
-0.32500        0.50000        0.83765
-0.32300        0.50000        0.84118
-0.32100        0.50000        0.84484
-0.31900        0.50000        0.84866
-0.31700        0.50000        0.85253
-0.31500        0.50000        0.85638
-0.31300        0.50000        0.86021
-0.31100        0.50000        0.86403
-0.30900        0.50000        0.86782
-0.30700        0.50000        0.87160
-0.30500        0.50000        0.87536
-0.30300        0.50000        0.87910
-0.30100        0.50000        0.88282
-0.29900        0.50000        0.88704
-0.29700        0.50000        0.89114
-0.29500        0.50000        0.89440
-0.29300        0.50000        0.89682
-0.29100        0.50000        0.89840
-0.28900        0.50000        0.89913
-0.28700        0.50000        0.89902
-0.28500        0.50000        0.89807
-0.28300        0.50000        0.89627
-0.28100        0.50000        0.89364
-0.27900        0.50000        0.89341
-0.27700        0.50000        0.89046
-0.27500        0.50000        0.87984
-0.27300        0.50000        0.86154
-0.27100        0.50000        0.83558
-0.26900        0.50000        0.80193
-0.26700        0.50000        0.76062
-0.26500        0.50000        0.71163
-0.26300        0.50000        0.65496
-0.26100        0.50000        0.59062
-0.25900        0.50000        0.50002
-0.25700        0.50000        0.38890
-0.25500        0.50000        0.27779
-0.25300        0.50000        0.16667
-0.25100        0.50000        0.055558
-0.24900        0.50000        -0.055558
-0.24700        0.50000        -0.16667
-0.24500        0.50000        -0.27779
-0.24300        0.50000        -0.38890
-0.24100        0.50000        -0.50002
-0.23900        0.50000        -0.59062
-0.23700        0.50000        -0.65496
-0.23500        0.50000        -0.71163
-0.23300        0.50000        -0.76062
-0.23100        0.50000        -0.80193
-0.22900        0.50000        -0.83558
-0.22700        0.50000        -0.86154
-0.22500        0.50000        -0.87984
-0.22300        0.50000        -0.89046
-0.22100        0.50000        -0.89341
-0.21900        0.50000        -0.89364
-0.21700        0.50000        -0.89627
-0.21500        0.50000        -0.89807
-0.21300        0.50000        -0.89902
-0.21100        0.50000        -0.89913
-0.20900        0.50000        -0.89840
-0.20700        0.50000        -0.89682
-0.20500        0.50000        -0.89440
-0.20300        0.50000        -0.89114
-0.20100        0.50000        -0.88704
-0.19900        0.50000        -0.88282
-0.19700        0.50000        -0.87910
-0.19500        0.50000        -0.87536
-0.19300        0.50000        -0.87160
-0.19100        0.50000        -0.86782
-0.18900        0.50000        -0.86403
-0.18700        0.50000        -0.86021
-0.18500        0.50000        -0.85638
-0.18300        0.50000        -0.85253
-0.18100        0.50000        -0.84866
-0.17900        0.50000        -0.84484
-0.17700        0.50000        -0.84118
-0.17500        0.50000        -0.83765
-0.17300        0.50000        -0.83425
-0.17100        0.50000        -0.83098
-0.16900        0.50000        -0.82783
-0.16700        0.50000        -0.82481
-0.16500        0.50000        -0.82192
-0.16300        0.50000        -0.81915
-0.16100        0.50000        -0.81652
-0.15900        0.50000        -0.81405
-0.15700        0.50000        -0.81178
-0.15500        0.50000        -0.80969
-0.15300        0.50000        -0.80778
-0.15100        0.50000        -0.80605
-0.14900        0.50000        -0.80450
-0.14700        0.50000        -0.80313
-0.14500        0.50000        -0.80193
-0.14300        0.50000        -0.80092
-0.14100        0.50000        -0.80008
-0.13900        0.50000        -0.79944
-0.13700        0.50000        -0.79897
-0.13500        0.50000        -0.79864
-0.13300        0.50000        -0.79846
-0.13100        0.50000        -0.79841
-0.12900        0.50000        -0.79851
-0.12700        0.50000        -0.79875
-0.12500        0.50000        -0.79912
-0.12300        0.50000        -0.79964
-0.12100        0.50000        -0.80030
-0.11900        0.50000        -0.80110
-0.11700        0.50000        -0.80197
-0.11500        0.50000        -0.80291
-0.11300        0.50000        -0.80391
-0.11100        0.50000        -0.80498
-0.10900        0.50000        -0.80611
-0.10700        0.50000        -0.80732
-0.10500        0.50000        -0.80858
-0.10300        0.50000        -0.80991
-0.10100        0.50000        -0.81131
-0.099000       0.50000        -0.81276
-0.097000       0.50000        -0.81421
-0.095000       0.50000        -0.81567
-0.093000       0.50000        -0.81713
-0.091000       0.50000        -0.81860
-0.089000       0.50000        -0.82008
-0.087000       0.50000        -0.82156
-0.085000       0.50000        -0.82305
-0.083000       0.50000        -0.82454
-0.081000       0.50000        -0.82604
-0.079000       0.50000        -0.82753
-0.077000       0.50000        -0.82900
-0.075000       0.50000        -0.83044
-0.073000       0.50000        -0.83185
-0.071000       0.50000        -0.83324
-0.069000       0.50000        -0.83460
-0.067000       0.50000        -0.83594
-0.065000       0.50000        -0.83725
-0.063000       0.50000        -0.83854
-0.061000       0.50000        -0.83981
-0.059000       0.50000        -0.84104
-0.057000       0.50000        -0.84223
-0.055000       0.50000        -0.84338
-0.053000       0.50000        -0.84450
-0.051000       0.50000        -0.84558
-0.049000       0.50000        -0.84662
-0.047000       0.50000        -0.84762
-0.045000       0.50000        -0.84859
-0.043000       0.50000        -0.84952
-0.041000       0.50000        -0.85041
-0.039000       0.50000        -0.85126
-0.037000       0.50000        -0.85207
-0.035000       0.50000        -0.85283
-0.033000       0.50000        -0.85356
-0.031000       0.50000        -0.85424
-0.029000       0.50000        -0.85488
-0.027000       0.50000        -0.85548
-0.025000       0.50000        -0.85603
-0.023000       0.50000        -0.85655
-0.021000       0.50000        -0.85702
-0.019000       0.50000        -0.85745
-0.017000       0.50000        -0.85784
-0.015000       0.50000        -0.85818
-0.013000       0.50000        -0.85848
-0.011000       0.50000        -0.85874
-0.0090000      0.50000        -0.85896
-0.0070000      0.50000        -0.85913
-0.0050000      0.50000        -0.85926
-0.0030000      0.50000        -0.85934
-0.0010000      0.50000        -0.85939
0.0010000       0.50000        -0.85939
0.0030000       0.50000        -0.85934
0.0050000       0.50000        -0.85926
0.0070000       0.50000        -0.85913
0.0090000       0.50000        -0.85896
0.011000        0.50000        -0.85874
0.013000        0.50000        -0.85848
0.015000        0.50000        -0.85818
0.017000        0.50000        -0.85784
0.019000        0.50000        -0.85745
0.021000        0.50000        -0.85702
0.023000        0.50000        -0.85655
0.025000        0.50000        -0.85603
0.027000        0.50000        -0.85548
0.029000        0.50000        -0.85488
0.031000        0.50000        -0.85424
0.033000        0.50000        -0.85356
0.035000        0.50000        -0.85283
0.037000        0.50000        -0.85207
0.039000        0.50000        -0.85126
0.041000        0.50000        -0.85041
0.043000        0.50000        -0.84952
0.045000        0.50000        -0.84859
0.047000        0.50000        -0.84762
0.049000        0.50000        -0.84662
0.051000        0.50000        -0.84558
0.053000        0.50000        -0.84450
0.055000        0.50000        -0.84338
0.057000        0.50000        -0.84223
0.059000        0.50000        -0.84104
0.061000        0.50000        -0.83981
0.063000        0.50000        -0.83854
0.065000        0.50000        -0.83725
0.067000        0.50000        -0.83594
0.069000        0.50000        -0.83460
0.071000        0.50000        -0.83324
0.073000        0.50000        -0.83185
0.075000        0.50000        -0.83044
0.077000        0.50000        -0.82900
0.079000        0.50000        -0.82753
0.081000        0.50000        -0.82604
0.083000        0.50000        -0.82454
0.085000        0.50000        -0.82305
0.087000        0.50000        -0.82156
0.089000        0.50000        -0.82008
0.091000        0.50000        -0.81860
0.093000        0.50000        -0.81713
0.095000        0.50000        -0.81567
0.097000        0.50000        -0.81421
0.099000        0.50000        -0.81276
0.10100         0.50000        -0.81131
0.10300         0.50000        -0.80991
0.10500         0.50000        -0.80858
0.10700         0.50000        -0.80732
0.10900         0.50000        -0.80611
0.11100         0.50000        -0.80498
0.11300         0.50000        -0.80391
0.11500         0.50000        -0.80291
0.11700         0.50000        -0.80197
0.11900         0.50000        -0.80110
0.12100         0.50000        -0.80030
0.12300         0.50000        -0.79964
0.12500         0.50000        -0.79912
0.12700         0.50000        -0.79875
0.12900         0.50000        -0.79851
0.13100         0.50000        -0.79841
0.13300         0.50000        -0.79846
0.13500         0.50000        -0.79864
0.13700         0.50000        -0.79897
0.13900         0.50000        -0.79944
0.14100         0.50000        -0.80008
0.14300         0.50000        -0.80092
0.14500         0.50000        -0.80193
0.14700         0.50000        -0.80313
0.14900         0.50000        -0.80450
0.15100         0.50000        -0.80605
0.15300         0.50000        -0.80778
0.15500         0.50000        -0.80969
0.15700         0.50000        -0.81178
0.15900         0.50000        -0.81405
0.16100         0.50000        -0.81652
0.16300         0.50000        -0.81915
0.16500         0.50000        -0.82192
0.16700         0.50000        -0.82481
0.16900         0.50000        -0.82783
0.17100         0.50000        -0.83098
0.17300         0.50000        -0.83425
0.17500         0.50000        -0.83765
0.17700         0.50000        -0.84118
0.17900         0.50000        -0.84484
0.18100         0.50000        -0.84866
0.18300         0.50000        -0.85253
0.18500         0.50000        -0.85638
0.18700         0.50000        -0.86021
0.18900         0.50000        -0.86403
0.19100         0.50000        -0.86782
0.19300         0.50000        -0.87160
0.19500         0.50000        -0.87536
0.19700         0.50000        -0.87910
0.19900         0.50000        -0.88282
0.20100         0.50000        -0.88704
0.20300         0.50000        -0.89114
0.20500         0.50000        -0.89440
0.20700         0.50000        -0.89682
0.20900         0.50000        -0.89840
0.21100         0.50000        -0.89913
0.21300         0.50000        -0.89902
0.21500         0.50000        -0.89807
0.21700         0.50000        -0.89627
0.21900         0.50000        -0.89364
0.22100         0.50000        -0.89341
0.22300         0.50000        -0.89046
0.22500         0.50000        -0.87984
0.22700         0.50000        -0.86154
0.22900         0.50000        -0.83558
0.23100         0.50000        -0.80193
0.23300         0.50000        -0.76062
0.23500         0.50000        -0.71163
0.23700         0.50000        -0.65496
0.23900         0.50000        -0.59062
0.24100         0.50000        -0.50002
0.24300         0.50000        -0.38890
0.24500         0.50000        -0.27779
0.24700         0.50000        -0.16667
0.24900         0.50000        -0.055558
0.25100         0.50000        0.055558
0.25300         0.50000        0.16667
0.25500         0.50000        0.27779
0.25700         0.50000        0.38890
0.25900         0.50000        0.50002
0.26100         0.50000        0.59062
0.26300         0.50000        0.65496
0.26500         0.50000        0.71163
0.26700         0.50000        0.76062
0.26900         0.50000        0.80193
0.27100         0.50000        0.83558
0.27300         0.50000        0.86154
0.27500         0.50000        0.87984
0.27700         0.50000        0.89046
0.27900         0.50000        0.89341
0.28100         0.50000        0.89364
0.28300         0.50000        0.89627
0.28500         0.50000        0.89807
0.28700         0.50000        0.89902
0.28900         0.50000        0.89913
0.29100         0.50000        0.89840
0.29300         0.50000        0.89682
0.29500         0.50000        0.89440
0.29700         0.50000        0.89114
0.29900         0.50000        0.88704
0.30100         0.50000        0.88282
0.30300         0.50000        0.87910
0.30500         0.50000        0.87536
0.30700         0.50000        0.87160
0.30900         0.50000        0.86782
0.31100         0.50000        0.86403
0.31300         0.50000        0.86021
0.31500         0.50000        0.85638
0.31700         0.50000        0.85253
0.31900         0.50000        0.84866
0.32100         0.50000        0.84484
0.32300         0.50000        0.84118
0.32500         0.50000        0.83765
0.32700         0.50000        0.83425
0.32900         0.50000        0.83098
0.33100         0.50000        0.82783
0.33300         0.50000        0.82481
0.33500         0.50000        0.82192
0.33700         0.50000        0.81915
0.33900         0.50000        0.81652
0.34100         0.50000        0.81405
0.34300         0.50000        0.81178
0.34500         0.50000        0.80969
0.34700         0.50000        0.80778
0.34900         0.50000        0.80605
0.35100         0.50000        0.80450
0.35300         0.50000        0.80313
0.35500         0.50000        0.80193
0.35700         0.50000        0.80092
0.35900         0.50000        0.80008
0.36100         0.50000        0.79944
0.36300         0.50000        0.79897
0.36500         0.50000        0.79864
0.36700         0.50000        0.79846
0.36900         0.50000        0.79841
0.37100         0.50000        0.79851
0.37300         0.50000        0.79875
0.37500         0.50000        0.79912
0.37700         0.50000        0.79964
0.37900         0.50000        0.80030
0.38100         0.50000        0.80110
0.38300         0.50000        0.80197
0.38500         0.50000        0.80291
0.38700         0.50000        0.80391
0.38900         0.50000        0.80498
0.39100         0.50000        0.80611
0.39300         0.50000        0.80732
0.39500         0.50000        0.80858
0.39700         0.50000        0.80991
0.39900         0.50000        0.81131
0.40100         0.50000        0.81276
0.40300         0.50000        0.81421
0.40500         0.50000        0.81567
0.40700         0.50000        0.81713
0.40900         0.50000        0.81860
0.41100         0.50000        0.82008
0.41300         0.50000        0.82156
0.41500         0.50000        0.82305
0.41700         0.50000        0.82454
0.41900         0.50000        0.82604
0.42100         0.50000        0.82753
0.42300         0.50000        0.82900
0.42500         0.50000        0.83044
0.42700         0.50000        0.83185
0.42900         0.50000        0.83324
0.43100         0.50000        0.83460
0.43300         0.50000        0.83594
0.43500         0.50000        0.83725
0.43700         0.50000        0.83854
0.43900         0.50000        0.83981
0.44100         0.50000        0.84104
0.44300         0.50000        0.84223
0.44500         0.50000        0.84338
0.44700         0.50000        0.84450
0.44900         0.50000        0.84558
0.45100         0.50000        0.84662
0.45300         0.50000        0.84762
0.45500         0.50000        0.84859
0.45700         0.50000        0.84952
0.45900         0.50000        0.85041
0.46100         0.50000        0.85126
0.46300         0.50000        0.85207
0.46500         0.50000        0.85283
0.46700         0.50000        0.85356
0.46900         0.50000        0.85424
0.47100         0.50000        0.85488
0.47300         0.50000        0.85548
0.47500         0.50000        0.85603
0.47700         0.50000        0.85655
0.47900         0.50000        0.85702
0.48100         0.50000        0.85745
0.48300         0.50000        0.85784
0.48500         0.50000        0.85818
0.48700         0.50000        0.85848
0.48900         0.50000        0.85874
0.49100         0.50000        0.85896
0.49300         0.50000        0.85913
0.49500         0.50000        0.85926
0.49700         0.50000        0.85934
0.49900         0.50000        0.85939
0.50100         0.50000        0.85939
0.50300         0.50000        0.85934
0.50500         0.50000        0.85926
0.50700         0.50000        0.85913
0.50900         0.50000        0.85896
0.51100         0.50000        0.85874
0.51300         0.50000        0.85848
0.51500         0.50000        0.85818
0.51700         0.50000        0.85784
0.51900         0.50000        0.85745
0.52100         0.50000        0.85702
0.52300         0.50000        0.85655
0.52500         0.50000        0.85603
0.52700         0.50000        0.85548
0.52900         0.50000        0.85488
0.53100         0.50000        0.85424
0.53300         0.50000        0.85356
0.53500         0.50000        0.85283
0.53700         0.50000        0.85207
0.53900         0.50000        0.85126
0.54100         0.50000        0.85041
0.54300         0.50000        0.84952
0.54500         0.50000        0.84859
0.54700         0.50000        0.84762
0.54900         0.50000        0.84662
0.55100         0.50000        0.84558
0.55300         0.50000        0.84450
0.55500         0.50000        0.84338
0.55700         0.50000        0.84223
0.55900         0.50000        0.84104
0.56100         0.50000        0.83981
0.56300         0.50000        0.83854
0.56500         0.50000        0.83725
0.56700         0.50000        0.83594
0.56900         0.50000        0.83460
0.57100         0.50000        0.83324
0.57300         0.50000        0.83185
0.57500         0.50000        0.83044
0.57700         0.50000        0.82900
0.57900         0.50000        0.82753
0.58100         0.50000        0.82604
0.58300         0.50000        0.82454
0.58500         0.50000        0.82305
0.58700         0.50000        0.82156
0.58900         0.50000        0.82008
0.59100         0.50000        0.81860
0.59300         0.50000        0.81713
0.59500         0.50000        0.81567
0.59700         0.50000        0.81421
0.59900         0.50000        0.81276
0.60100         0.50000        0.81131
0.60300         0.50000        0.80991
0.60500         0.50000        0.80858
0.60700         0.50000        0.80732
0.60900         0.50000        0.80611
0.61100         0.50000        0.80498
0.61300         0.50000        0.80391
0.61500         0.50000        0.80291
0.61700         0.50000        0.80197
0.61900         0.50000        0.80110
0.62100         0.50000        0.80030
0.62300         0.50000        0.79964
0.62500         0.50000        0.79912
0.62700         0.50000        0.79875
0.62900         0.50000        0.79851
0.63100         0.50000        0.79841
0.63300         0.50000        0.79846
0.63500         0.50000        0.79864
0.63700         0.50000        0.79897
0.63900         0.50000        0.79944
0.64100         0.50000        0.80008
0.64300         0.50000        0.80092
0.64500         0.50000        0.80193
0.64700         0.50000        0.80313
0.64900         0.50000        0.80450
0.65100         0.50000        0.80605
0.65300         0.50000        0.80778
0.65500         0.50000        0.80969
0.65700         0.50000        0.81178
0.65900         0.50000        0.81405
0.66100         0.50000        0.81652
0.66300         0.50000        0.81915
0.66500         0.50000        0.82192
0.66700         0.50000        0.82481
0.66900         0.50000        0.82783
0.67100         0.50000        0.83098
0.67300         0.50000        0.83425
0.67500         0.50000        0.83765
0.67700         0.50000        0.84118
0.67900         0.50000        0.84484
0.68100         0.50000        0.84866
0.68300         0.50000        0.85253
0.68500         0.50000        0.85638
0.68700         0.50000        0.86021
0.68900         0.50000        0.86403
0.69100         0.50000        0.86782
0.69300         0.50000        0.87160
0.69500         0.50000        0.87536
0.69700         0.50000        0.87910
0.69900         0.50000        0.88282
0.70100         0.50000        0.88704
0.70300         0.50000        0.89114
0.70500         0.50000        0.89440
0.70700         0.50000        0.89682
0.70900         0.50000        0.89840
0.71100         0.50000        0.89913
0.71300         0.50000        0.89902
0.71500         0.50000        0.89807
0.71700         0.50000        0.89627
0.71900         0.50000        0.89364
0.72100         0.50000        0.89341
0.72300         0.50000        0.89046
0.72500         0.50000        0.87984
0.72700         0.50000        0.86154
0.72900         0.50000        0.83558
0.73100         0.50000        0.80193
0.73300         0.50000        0.76062
0.73500         0.50000        0.71163
0.73700         0.50000        0.65496
0.73900         0.50000        0.59062
0.74100         0.50000        0.50002
0.74300         0.50000        0.38890
0.74500         0.50000        0.27779
0.74700         0.50000        0.16667
0.74900         0.50000        0.055558
0.75100         0.50000        -0.055558
0.75300         0.50000        -0.16667
0.75500         0.50000        -0.27779
0.75700         0.50000        -0.38890
0.75900         0.50000        -0.50002
0.76100         0.50000        -0.59062
0.76300         0.50000        -0.65496
0.76500         0.50000        -0.71163
0.76700         0.50000        -0.76062
0.76900         0.50000        -0.80193
0.77100         0.50000        -0.83558
0.77300         0.50000        -0.86154
0.77500         0.50000        -0.87984
0.77700         0.50000        -0.89046
0.77900         0.50000        -0.89341
0.78100         0.50000        -0.89364
0.78300         0.50000        -0.89627
0.78500         0.50000        -0.89807
0.78700         0.50000        -0.89902
0.78900         0.50000        -0.89913
0.79100         0.50000        -0.89840
0.79300         0.50000        -0.89682
0.79500         0.50000        -0.89440
0.79700         0.50000        -0.89114
0.79900         0.50000        -0.88704
0.80100         0.50000        -0.88282
0.80300         0.50000        -0.87910
0.80500         0.50000        -0.87536
0.80700         0.50000        -0.87160
0.80900         0.50000        -0.86782
0.81100         0.50000        -0.86403
0.81300         0.50000        -0.86021
0.81500         0.50000        -0.85638
0.81700         0.50000        -0.85253
0.81900         0.50000        -0.84866
0.82100         0.50000        -0.84484
0.82300         0.50000        -0.84118
0.82500         0.50000        -0.83765
0.82700         0.50000        -0.83425
0.82900         0.50000        -0.83098
0.83100         0.50000        -0.82783
0.83300         0.50000        -0.82481
0.83500         0.50000        -0.82192
0.83700         0.50000        -0.81915
0.83900         0.50000        -0.81652
0.84100         0.50000        -0.81405
0.84300         0.50000        -0.81178
0.84500         0.50000        -0.80969
0.84700         0.50000        -0.80778
0.84900         0.50000        -0.80605
0.85100         0.50000        -0.80450
0.85300         0.50000        -0.80313
0.85500         0.50000        -0.80193
0.85700         0.50000        -0.80092
0.85900         0.50000        -0.80008
0.86100         0.50000        -0.79944
0.86300         0.50000        -0.79897
0.86500         0.50000        -0.79864
0.86700         0.50000        -0.79846
0.86900         0.50000        -0.79841
0.87100         0.50000        -0.79851
0.87300         0.50000        -0.79875
0.87500         0.50000        -0.79912
0.87700         0.50000        -0.79964
0.87900         0.50000        -0.80030
0.88100         0.50000        -0.80110
0.88300         0.50000        -0.80197
0.88500         0.50000        -0.80291
0.88700         0.50000        -0.80391
0.88900         0.50000        -0.80498
0.89100         0.50000        -0.80611
0.89300         0.50000        -0.80732
0.89500         0.50000        -0.80858
0.89700         0.50000        -0.80991
0.89900         0.50000        -0.81131
0.90100         0.50000        -0.81276
0.90300         0.50000        -0.81421
0.90500         0.50000        -0.81567
0.90700         0.50000        -0.81713
0.90900         0.50000        -0.81860
0.91100         0.50000        -0.82008
0.91300         0.50000        -0.82156
0.91500         0.50000        -0.82305
0.91700         0.50000        -0.82454
0.91900         0.50000        -0.82604
0.92100         0.50000        -0.82753
0.92300         0.50000        -0.82900
0.92500         0.50000        -0.83044
0.92700         0.50000        -0.83185
0.92900         0.50000        -0.83324
0.93100         0.50000        -0.83460
0.93300         0.50000        -0.83594
0.93500         0.50000        -0.83725
0.93700         0.50000        -0.83854
0.93900         0.50000        -0.83981
0.94100         0.50000        -0.84104
0.94300         0.50000        -0.84223
0.94500         0.50000        -0.84338
0.94700         0.50000        -0.84450
0.94900         0.50000        -0.84558
0.95100         0.50000        -0.84662
0.95300         0.50000        -0.84762
0.95500         0.50000        -0.84859
0.95700         0.50000        -0.84952
0.95900         0.50000        -0.85041
0.96100         0.50000        -0.85126
0.96300         0.50000        -0.85207
0.96500         0.50000        -0.85283
0.96700         0.50000        -0.85356
0.96900         0.50000        -0.85424
0.97100         0.50000        -0.85488
0.97300         0.50000        -0.85548
0.97500         0.50000        -0.85603
0.97700         0.50000        -0.85655
0.97900         0.50000        -0.85702
0.98100         0.50000        -0.85745
0.98300         0.50000        -0.85784
0.98500         0.50000        -0.85818
0.98700         0.50000        -0.85848
0.98900         0.50000        -0.85874
0.99100         0.50000        -0.85896
0.99300         0.50000        -0.85913
0.99500         0.50000        -0.85926
0.99700         0.50000        -0.85934
0.99900         0.50000        -0.85939
