-0.99900        0.25000        -0.90188
-0.99700        0.25000        -0.90181
-0.99500        0.25000        -0.90168
-0.99300        0.25000        -0.90149
-0.99100        0.25000        -0.90123
-0.98900        0.25000        -0.90091
-0.98700        0.25000        -0.90053
-0.98500        0.25000        -0.90008
-0.98300        0.25000        -0.89956
-0.98100        0.25000        -0.89898
-0.97900        0.25000        -0.89834
-0.97700        0.25000        -0.89763
-0.97500        0.25000        -0.89686
-0.97300        0.25000        -0.89602
-0.97100        0.25000        -0.89511
-0.96900        0.25000        -0.89414
-0.96700        0.25000        -0.89311
-0.96500        0.25000        -0.89201
-0.96300        0.25000        -0.89084
-0.96100        0.25000        -0.88961
-0.95900        0.25000        -0.88831
-0.95700        0.25000        -0.88695
-0.95500        0.25000        -0.88552
-0.95300        0.25000        -0.88402
-0.95100        0.25000        -0.88246
-0.94900        0.25000        -0.88082
-0.94700        0.25000        -0.87912
-0.94500        0.25000        -0.87735
-0.94300        0.25000        -0.87551
-0.94100        0.25000        -0.87361
-0.93900        0.25000        -0.87164
-0.93700        0.25000        -0.86960
-0.93500        0.25000        -0.86748
-0.93300        0.25000        -0.86530
-0.93100        0.25000        -0.86304
-0.92900        0.25000        -0.86071
-0.92700        0.25000        -0.85830
-0.92500        0.25000        -0.85583
-0.92300        0.25000        -0.85328
-0.92100        0.25000        -0.85066
-0.91900        0.25000        -0.84797
-0.91700        0.25000        -0.84520
-0.91500        0.25000        -0.84235
-0.91300        0.25000        -0.83942
-0.91100        0.25000        -0.83640
-0.90900        0.25000        -0.83331
-0.90700        0.25000        -0.83013
-0.90500        0.25000        -0.82686
-0.90300        0.25000        -0.82352
-0.90100        0.25000        -0.82009
-0.89900        0.25000        -0.81659
-0.89700        0.25000        -0.81298
-0.89500        0.25000        -0.80928
-0.89300        0.25000        -0.80547
-0.89100        0.25000        -0.80156
-0.88900        0.25000        -0.79755
-0.88700        0.25000        -0.79344
-0.88500        0.25000        -0.78922
-0.88300        0.25000        -0.78490
-0.88100        0.25000        -0.78049
-0.87900        0.25000        -0.77595
-0.87700        0.25000        -0.77129
-0.87500        0.25000        -0.76651
-0.87300        0.25000        -0.76163
-0.87100        0.25000        -0.75663
-0.86900        0.25000        -0.75151
-0.86700        0.25000        -0.74628
-0.86500        0.25000        -0.74094
-0.86300        0.25000        -0.73549
-0.86100        0.25000        -0.72992
-0.85900        0.25000        -0.72417
-0.85700        0.25000        -0.71833
-0.85500        0.25000        -0.71250
-0.85300        0.25000        -0.70667
-0.85100        0.25000        -0.70085
-0.84900        0.25000        -0.69503
-0.84700        0.25000        -0.68921
-0.84500        0.25000        -0.68340
-0.84300        0.25000        -0.67759
-0.84100        0.25000        -0.67179
-0.83900        0.25000        -0.66596
-0.83700        0.25000        -0.66040
-0.83500        0.25000        -0.65527
-0.83300        0.25000        -0.65055
-0.83100        0.25000        -0.64624
-0.82900        0.25000        -0.64236
-0.82700        0.25000        -0.63889
-0.82500        0.25000        -0.63584
-0.82300        0.25000        -0.63320
-0.82100        0.25000        -0.63098
-0.81900        0.25000        -0.62949
-0.81700        0.25000        -0.62888
-0.81500        0.25000        -0.62892
-0.81300        0.25000        -0.62959
-0.81100        0.25000        -0.63090
-0.80900        0.25000        -0.63285
-0.80700        0.25000        -0.63543
-0.80500        0.25000        -0.63866
-0.80300        0.25000        -0.64253
-0.80100        0.25000        -0.64703
-0.79900        0.25000        -0.65282
-0.79700        0.25000        -0.65887
-0.79500        0.25000        -0.66420
-0.79300        0.25000        -0.66881
-0.79100        0.25000        -0.67270
-0.78900        0.25000        -0.67588
-0.78700        0.25000        -0.67833
-0.78500        0.25000        -0.68006
-0.78300        0.25000        -0.68107
-0.78100        0.25000        -0.68137
-0.77900        0.25000        -0.68208
-0.77700        0.25000        -0.67909
-0.77500        0.25000        -0.66991
-0.77300        0.25000        -0.65453
-0.77100        0.25000        -0.63294
-0.76900        0.25000        -0.60516
-0.76700        0.25000        -0.57119
-0.76500        0.25000        -0.53101
-0.76300        0.25000        -0.48463
-0.76100        0.25000        -0.43206
-0.75900        0.25000        -0.36310
-0.75700        0.25000        -0.28241
-0.75500        0.25000        -0.20172
-0.75300        0.25000        -0.12103
-0.75100        0.25000        -0.040344
-0.74900        0.25000        0.040344
-0.74700        0.25000        0.12103
-0.74500        0.25000        0.20172
-0.74300        0.25000        0.28241
-0.74100        0.25000        0.36310
-0.73900        0.25000        0.43206
-0.73700        0.25000        0.48463
-0.73500        0.25000        0.53101
-0.73300        0.25000        0.57119
-0.73100        0.25000        0.60516
-0.72900        0.25000        0.63294
-0.72700        0.25000        0.65453
-0.72500        0.25000        0.66991
-0.72300        0.25000        0.67909
-0.72100        0.25000        0.68208
-0.71900        0.25000        0.68137
-0.71700        0.25000        0.68107
-0.71500        0.25000        0.68006
-0.71300        0.25000        0.67833
-0.71100        0.25000        0.67588
-0.70900        0.25000        0.67270
-0.70700        0.25000        0.66881
-0.70500        0.25000        0.66420
-0.70300        0.25000        0.65887
-0.70100        0.25000        0.65282
-0.69900        0.25000        0.64703
-0.69700        0.25000        0.64253
-0.69500        0.25000        0.63866
-0.69300        0.25000        0.63543
-0.69100        0.25000        0.63285
-0.68900        0.25000        0.63090
-0.68700        0.25000        0.62959
-0.68500        0.25000        0.62892
-0.68300        0.25000        0.62888
-0.68100        0.25000        0.62949
-0.67900        0.25000        0.63098
-0.67700        0.25000        0.63320
-0.67500        0.25000        0.63584
-0.67300        0.25000        0.63889
-0.67100        0.25000        0.64236
-0.66900        0.25000        0.64624
-0.66700        0.25000        0.65055
-0.66500        0.25000        0.65527
-0.66300        0.25000        0.66040
-0.66100        0.25000        0.66596
-0.65900        0.25000        0.67179
-0.65700        0.25000        0.67759
-0.65500        0.25000        0.68340
-0.65300        0.25000        0.68921
-0.65100        0.25000        0.69503
-0.64900        0.25000        0.70085
-0.64700        0.25000        0.70667
-0.64500        0.25000        0.71250
-0.64300        0.25000        0.71833
-0.64100        0.25000        0.72417
-0.63900        0.25000        0.72992
-0.63700        0.25000        0.73549
-0.63500        0.25000        0.74094
-0.63300        0.25000        0.74628
-0.63100        0.25000        0.75151
-0.62900        0.25000        0.75663
-0.62700        0.25000        0.76163
-0.62500        0.25000        0.76651
-0.62300        0.25000        0.77129
-0.62100        0.25000        0.77595
-0.61900        0.25000        0.78049
-0.61700        0.25000        0.78490
-0.61500        0.25000        0.78922
-0.61300        0.25000        0.79344
-0.61100        0.25000        0.79755
-0.60900        0.25000        0.80156
-0.60700        0.25000        0.80547
-0.60500        0.25000        0.80928
-0.60300        0.25000        0.81298
-0.60100        0.25000        0.81659
-0.59900        0.25000        0.82009
-0.59700        0.25000        0.82352
-0.59500        0.25000        0.82686
-0.59300        0.25000        0.83013
-0.59100        0.25000        0.83331
-0.58900        0.25000        0.83640
-0.58700        0.25000        0.83942
-0.58500        0.25000        0.84235
-0.58300        0.25000        0.84520
-0.58100        0.25000        0.84797
-0.57900        0.25000        0.85066
-0.57700        0.25000        0.85328
-0.57500        0.25000        0.85583
-0.57300        0.25000        0.85830
-0.57100        0.25000        0.86071
-0.56900        0.25000        0.86304
-0.56700        0.25000        0.86530
-0.56500        0.25000        0.86748
-0.56300        0.25000        0.86960
-0.56100        0.25000        0.87164
-0.55900        0.25000        0.87361
-0.55700        0.25000        0.87551
-0.55500        0.25000        0.87735
-0.55300        0.25000        0.87912
-0.55100        0.25000        0.88082
-0.54900        0.25000        0.88246
-0.54700        0.25000        0.88402
-0.54500        0.25000        0.88552
-0.54300        0.25000        0.88695
-0.54100        0.25000        0.88831
-0.53900        0.25000        0.88961
-0.53700        0.25000        0.89084
-0.53500        0.25000        0.89201
-0.53300        0.25000        0.89311
-0.53100        0.25000        0.89414
-0.52900        0.25000        0.89511
-0.52700        0.25000        0.89602
-0.52500        0.25000        0.89686
-0.52300        0.25000        0.89763
-0.52100        0.25000        0.89834
-0.51900        0.25000        0.89898
-0.51700        0.25000        0.89956
-0.51500        0.25000        0.90008
-0.51300        0.25000        0.90053
-0.51100        0.25000        0.90091
-0.50900        0.25000        0.90123
-0.50700        0.25000        0.90149
-0.50500        0.25000        0.90168
-0.50300        0.25000        0.90181
-0.50100        0.25000        0.90188
-0.49900        0.25000        0.90188
-0.49700        0.25000        0.90181
-0.49500        0.25000        0.90168
-0.49300        0.25000        0.90149
-0.49100        0.25000        0.90123
-0.48900        0.25000        0.90091
-0.48700        0.25000        0.90053
-0.48500        0.25000        0.90008
-0.48300        0.25000        0.89956
-0.48100        0.25000        0.89898
-0.47900        0.25000        0.89834
-0.47700        0.25000        0.89763
-0.47500        0.25000        0.89686
-0.47300        0.25000        0.89602
-0.47100        0.25000        0.89511
-0.46900        0.25000        0.89414
-0.46700        0.25000        0.89311
-0.46500        0.25000        0.89201
-0.46300        0.25000        0.89084
-0.46100        0.25000        0.88961
-0.45900        0.25000        0.88831
-0.45700        0.25000        0.88695
-0.45500        0.25000        0.88552
-0.45300        0.25000        0.88402
-0.45100        0.25000        0.88246
-0.44900        0.25000        0.88082
-0.44700        0.25000        0.87912
-0.44500        0.25000        0.87735
-0.44300        0.25000        0.87551
-0.44100        0.25000        0.87361
-0.43900        0.25000        0.87164
-0.43700        0.25000        0.86960
-0.43500        0.25000        0.86748
-0.43300        0.25000        0.86530
-0.43100        0.25000        0.86304
-0.42900        0.25000        0.86071
-0.42700        0.25000        0.85830
-0.42500        0.25000        0.85583
-0.42300        0.25000        0.85328
-0.42100        0.25000        0.85066
-0.41900        0.25000        0.84797
-0.41700        0.25000        0.84520
-0.41500        0.25000        0.84235
-0.41300        0.25000        0.83942
-0.41100        0.25000        0.83640
-0.40900        0.25000        0.83331
-0.40700        0.25000        0.83013
-0.40500        0.25000        0.82686
-0.40300        0.25000        0.82352
-0.40100        0.25000        0.82009
-0.39900        0.25000        0.81659
-0.39700        0.25000        0.81298
-0.39500        0.25000        0.80928
-0.39300        0.25000        0.80547
-0.39100        0.25000        0.80156
-0.38900        0.25000        0.79755
-0.38700        0.25000        0.79344
-0.38500        0.25000        0.78922
-0.38300        0.25000        0.78490
-0.38100        0.25000        0.78049
-0.37900        0.25000        0.77595
-0.37700        0.25000        0.77129
-0.37500        0.25000        0.76651
-0.37300        0.25000        0.76163
-0.37100        0.25000        0.75663
-0.36900        0.25000        0.75151
-0.36700        0.25000        0.74628
-0.36500        0.25000        0.74094
-0.36300        0.25000        0.73549
-0.36100        0.25000        0.72992
-0.35900        0.25000        0.72417
-0.35700        0.25000        0.71833
-0.35500        0.25000        0.71250
-0.35300        0.25000        0.70667
-0.35100        0.25000        0.70085
-0.34900        0.25000        0.69503
-0.34700        0.25000        0.68921
-0.34500        0.25000        0.68340
-0.34300        0.25000        0.67759
-0.34100        0.25000        0.67179
-0.33900        0.25000        0.66596
-0.33700        0.25000        0.66040
-0.33500        0.25000        0.65527
-0.33300        0.25000        0.65055
-0.33100        0.25000        0.64624
-0.32900        0.25000        0.64236
-0.32700        0.25000        0.63889
-0.32500        0.25000        0.63584
-0.32300        0.25000        0.63320
-0.32100        0.25000        0.63098
-0.31900        0.25000        0.62949
-0.31700        0.25000        0.62888
-0.31500        0.25000        0.62892
-0.31300        0.25000        0.62959
-0.31100        0.25000        0.63090
-0.30900        0.25000        0.63285
-0.30700        0.25000        0.63543
-0.30500        0.25000        0.63866
-0.30300        0.25000        0.64253
-0.30100        0.25000        0.64703
-0.29900        0.25000        0.65282
-0.29700        0.25000        0.65887
-0.29500        0.25000        0.66420
-0.29300        0.25000        0.66881
-0.29100        0.25000        0.67270
-0.28900        0.25000        0.67588
-0.28700        0.25000        0.67833
-0.28500        0.25000        0.68006
-0.28300        0.25000        0.68107
-0.28100        0.25000        0.68137
-0.27900        0.25000        0.68208
-0.27700        0.25000        0.67909
-0.27500        0.25000        0.66991
-0.27300        0.25000        0.65453
-0.27100        0.25000        0.63294
-0.26900        0.25000        0.60516
-0.26700        0.25000        0.57119
-0.26500        0.25000        0.53101
-0.26300        0.25000        0.48463
-0.26100        0.25000        0.43206
-0.25900        0.25000        0.36310
-0.25700        0.25000        0.28241
-0.25500        0.25000        0.20172
-0.25300        0.25000        0.12103
-0.25100        0.25000        0.040344
-0.24900        0.25000        -0.040344
-0.24700        0.25000        -0.12103
-0.24500        0.25000        -0.20172
-0.24300        0.25000        -0.28241
-0.24100        0.25000        -0.36310
-0.23900        0.25000        -0.43206
-0.23700        0.25000        -0.48463
-0.23500        0.25000        -0.53101
-0.23300        0.25000        -0.57119
-0.23100        0.25000        -0.60516
-0.22900        0.25000        -0.63294
-0.22700        0.25000        -0.65453
-0.22500        0.25000        -0.66991
-0.22300        0.25000        -0.67909
-0.22100        0.25000        -0.68208
-0.21900        0.25000        -0.68137
-0.21700        0.25000        -0.68107
-0.21500        0.25000        -0.68006
-0.21300        0.25000        -0.67833
-0.21100        0.25000        -0.67588
-0.20900        0.25000        -0.67270
-0.20700        0.25000        -0.66881
-0.20500        0.25000        -0.66420
-0.20300        0.25000        -0.65887
-0.20100        0.25000        -0.65282
-0.19900        0.25000        -0.64703
-0.19700        0.25000        -0.64253
-0.19500        0.25000        -0.63866
-0.19300        0.25000        -0.63543
-0.19100        0.25000        -0.63285
-0.18900        0.25000        -0.63090
-0.18700        0.25000        -0.62959
-0.18500        0.25000        -0.62892
-0.18300        0.25000        -0.62888
-0.18100        0.25000        -0.62949
-0.17900        0.25000        -0.63098
-0.17700        0.25000        -0.63320
-0.17500        0.25000        -0.63584
-0.17300        0.25000        -0.63889
-0.17100        0.25000        -0.64236
-0.16900        0.25000        -0.64624
-0.16700        0.25000        -0.65055
-0.16500        0.25000        -0.65527
-0.16300        0.25000        -0.66040
-0.16100        0.25000        -0.66596
-0.15900        0.25000        -0.67179
-0.15700        0.25000        -0.67759
-0.15500        0.25000        -0.68340
-0.15300        0.25000        -0.68921
-0.15100        0.25000        -0.69503
-0.14900        0.25000        -0.70085
-0.14700        0.25000        -0.70667
-0.14500        0.25000        -0.71250
-0.14300        0.25000        -0.71833
-0.14100        0.25000        -0.72417
-0.13900        0.25000        -0.72992
-0.13700        0.25000        -0.73549
-0.13500        0.25000        -0.74094
-0.13300        0.25000        -0.74628
-0.13100        0.25000        -0.75151
-0.12900        0.25000        -0.75663
-0.12700        0.25000        -0.76163
-0.12500        0.25000        -0.76651
-0.12300        0.25000        -0.77129
-0.12100        0.25000        -0.77595
-0.11900        0.25000        -0.78049
-0.11700        0.25000        -0.78490
-0.11500        0.25000        -0.78922
-0.11300        0.25000        -0.79344
-0.11100        0.25000        -0.79755
-0.10900        0.25000        -0.80156
-0.10700        0.25000        -0.80547
-0.10500        0.25000        -0.80928
-0.10300        0.25000        -0.81298
-0.10100        0.25000        -0.81659
-0.099000       0.25000        -0.82009
-0.097000       0.25000        -0.82352
-0.095000       0.25000        -0.82686
-0.093000       0.25000        -0.83013
-0.091000       0.25000        -0.83331
-0.089000       0.25000        -0.83640
-0.087000       0.25000        -0.83942
-0.085000       0.25000        -0.84235
-0.083000       0.25000        -0.84520
-0.081000       0.25000        -0.84797
-0.079000       0.25000        -0.85066
-0.077000       0.25000        -0.85328
-0.075000       0.25000        -0.85583
-0.073000       0.25000        -0.85830
-0.071000       0.25000        -0.86071
-0.069000       0.25000        -0.86304
-0.067000       0.25000        -0.86530
-0.065000       0.25000        -0.86748
-0.063000       0.25000        -0.86960
-0.061000       0.25000        -0.87164
-0.059000       0.25000        -0.87361
-0.057000       0.25000        -0.87551
-0.055000       0.25000        -0.87735
-0.053000       0.25000        -0.87912
-0.051000       0.25000        -0.88082
-0.049000       0.25000        -0.88246
-0.047000       0.25000        -0.88402
-0.045000       0.25000        -0.88552
-0.043000       0.25000        -0.88695
-0.041000       0.25000        -0.88831
-0.039000       0.25000        -0.88961
-0.037000       0.25000        -0.89084
-0.035000       0.25000        -0.89201
-0.033000       0.25000        -0.89311
-0.031000       0.25000        -0.89414
-0.029000       0.25000        -0.89511
-0.027000       0.25000        -0.89602
-0.025000       0.25000        -0.89686
-0.023000       0.25000        -0.89763
-0.021000       0.25000        -0.89834
-0.019000       0.25000        -0.89898
-0.017000       0.25000        -0.89956
-0.015000       0.25000        -0.90008
-0.013000       0.25000        -0.90053
-0.011000       0.25000        -0.90091
-0.0090000      0.25000        -0.90123
-0.0070000      0.25000        -0.90149
-0.0050000      0.25000        -0.90168
-0.0030000      0.25000        -0.90181
-0.0010000      0.25000        -0.90188
0.0010000       0.25000        -0.90188
0.0030000       0.25000        -0.90181
0.0050000       0.25000        -0.90168
0.0070000       0.25000        -0.90149
0.0090000       0.25000        -0.90123
0.011000        0.25000        -0.90091
0.013000        0.25000        -0.90053
0.015000        0.25000        -0.90008
0.017000        0.25000        -0.89956
0.019000        0.25000        -0.89898
0.021000        0.25000        -0.89834
0.023000        0.25000        -0.89763
0.025000        0.25000        -0.89686
0.027000        0.25000        -0.89602
0.029000        0.25000        -0.89511
0.031000        0.25000        -0.89414
0.033000        0.25000        -0.89311
0.035000        0.25000        -0.89201
0.037000        0.25000        -0.89084
0.039000        0.25000        -0.88961
0.041000        0.25000        -0.88831
0.043000        0.25000        -0.88695
0.045000        0.25000        -0.88552
0.047000        0.25000        -0.88402
0.049000        0.25000        -0.88246
0.051000        0.25000        -0.88082
0.053000        0.25000        -0.87912
0.055000        0.25000        -0.87735
0.057000        0.25000        -0.87551
0.059000        0.25000        -0.87361
0.061000        0.25000        -0.87164
0.063000        0.25000        -0.86960
0.065000        0.25000        -0.86748
0.067000        0.25000        -0.86530
0.069000        0.25000        -0.86304
0.071000        0.25000        -0.86071
0.073000        0.25000        -0.85830
0.075000        0.25000        -0.85583
0.077000        0.25000        -0.85328
0.079000        0.25000        -0.85066
0.081000        0.25000        -0.84797
0.083000        0.25000        -0.84520
0.085000        0.25000        -0.84235
0.087000        0.25000        -0.83942
0.089000        0.25000        -0.83640
0.091000        0.25000        -0.83331
0.093000        0.25000        -0.83013
0.095000        0.25000        -0.82686
0.097000        0.25000        -0.82352
0.099000        0.25000        -0.82009
0.10100         0.25000        -0.81659
0.10300         0.25000        -0.81298
0.10500         0.25000        -0.80928
0.10700         0.25000        -0.80547
0.10900         0.25000        -0.80156
0.11100         0.25000        -0.79755
0.11300         0.25000        -0.79344
0.11500         0.25000        -0.78922
0.11700         0.25000        -0.78490
0.11900         0.25000        -0.78049
0.12100         0.25000        -0.77595
0.12300         0.25000        -0.77129
0.12500         0.25000        -0.76651
0.12700         0.25000        -0.76163
0.12900         0.25000        -0.75663
0.13100         0.25000        -0.75151
0.13300         0.25000        -0.74628
0.13500         0.25000        -0.74094
0.13700         0.25000        -0.73549
0.13900         0.25000        -0.72992
0.14100         0.25000        -0.72417
0.14300         0.25000        -0.71833
0.14500         0.25000        -0.71250
0.14700         0.25000        -0.70667
0.14900         0.25000        -0.70085
0.15100         0.25000        -0.69503
0.15300         0.25000        -0.68921
0.15500         0.25000        -0.68340
0.15700         0.25000        -0.67759
0.15900         0.25000        -0.67179
0.16100         0.25000        -0.66596
0.16300         0.25000        -0.66040
0.16500         0.25000        -0.65527
0.16700         0.25000        -0.65055
0.16900         0.25000        -0.64624
0.17100         0.25000        -0.64236
0.17300         0.25000        -0.63889
0.17500         0.25000        -0.63584
0.17700         0.25000        -0.63320
0.17900         0.25000        -0.63098
0.18100         0.25000        -0.62949
0.18300         0.25000        -0.62888
0.18500         0.25000        -0.62892
0.18700         0.25000        -0.62959
0.18900         0.25000        -0.63090
0.19100         0.25000        -0.63285
0.19300         0.25000        -0.63543
0.19500         0.25000        -0.63866
0.19700         0.25000        -0.64253
0.19900         0.25000        -0.64703
0.20100         0.25000        -0.65282
0.20300         0.25000        -0.65887
0.20500         0.25000        -0.66420
0.20700         0.25000        -0.66881
0.20900         0.25000        -0.67270
0.21100         0.25000        -0.67588
0.21300         0.25000        -0.67833
0.21500         0.25000        -0.68006
0.21700         0.25000        -0.68107
0.21900         0.25000        -0.68137
0.22100         0.25000        -0.68208
0.22300         0.25000        -0.67909
0.22500         0.25000        -0.66991
0.22700         0.25000        -0.65453
0.22900         0.25000        -0.63294
0.23100         0.25000        -0.60516
0.23300         0.25000        -0.57119
0.23500         0.25000        -0.53101
0.23700         0.25000        -0.48463
0.23900         0.25000        -0.43206
0.24100         0.25000        -0.36310
0.24300         0.25000        -0.28241
0.24500         0.25000        -0.20172
0.24700         0.25000        -0.12103
0.24900         0.25000        -0.040344
0.25100         0.25000        0.040344
0.25300         0.25000        0.12103
0.25500         0.25000        0.20172
0.25700         0.25000        0.28241
0.25900         0.25000        0.36310
0.26100         0.25000        0.43206
0.26300         0.25000        0.48463
0.26500         0.25000        0.53101
0.26700         0.25000        0.57119
0.26900         0.25000        0.60516
0.27100         0.25000        0.63294
0.27300         0.25000        0.65453
0.27500         0.25000        0.66991
0.27700         0.25000        0.67909
0.27900         0.25000        0.68208
0.28100         0.25000        0.68137
0.28300         0.25000        0.68107
0.28500         0.25000        0.68006
0.28700         0.25000        0.67833
0.28900         0.25000        0.67588
0.29100         0.25000        0.67270
0.29300         0.25000        0.66881
0.29500         0.25000        0.66420
0.29700         0.25000        0.65887
0.29900         0.25000        0.65282
0.30100         0.25000        0.64703
0.30300         0.25000        0.64253
0.30500         0.25000        0.63866
0.30700         0.25000        0.63543
0.30900         0.25000        0.63285
0.31100         0.25000        0.63090
0.31300         0.25000        0.62959
0.31500         0.25000        0.62892
0.31700         0.25000        0.62888
0.31900         0.25000        0.62949
0.32100         0.25000        0.63098
0.32300         0.25000        0.63320
0.32500         0.25000        0.63584
0.32700         0.25000        0.63889
0.32900         0.25000        0.64236
0.33100         0.25000        0.64624
0.33300         0.25000        0.65055
0.33500         0.25000        0.65527
0.33700         0.25000        0.66040
0.33900         0.25000        0.66596
0.34100         0.25000        0.67179
0.34300         0.25000        0.67759
0.34500         0.25000        0.68340
0.34700         0.25000        0.68921
0.34900         0.25000        0.69503
0.35100         0.25000        0.70085
0.35300         0.25000        0.70667
0.35500         0.25000        0.71250
0.35700         0.25000        0.71833
0.35900         0.25000        0.72417
0.36100         0.25000        0.72992
0.36300         0.25000        0.73549
0.36500         0.25000        0.74094
0.36700         0.25000        0.74628
0.36900         0.25000        0.75151
0.37100         0.25000        0.75663
0.37300         0.25000        0.76163
0.37500         0.25000        0.76651
0.37700         0.25000        0.77129
0.37900         0.25000        0.77595
0.38100         0.25000        0.78049
0.38300         0.25000        0.78490
0.38500         0.25000        0.78922
0.38700         0.25000        0.79344
0.38900         0.25000        0.79755
0.39100         0.25000        0.80156
0.39300         0.25000        0.80547
0.39500         0.25000        0.80928
0.39700         0.25000        0.81298
0.39900         0.25000        0.81659
0.40100         0.25000        0.82009
0.40300         0.25000        0.82352
0.40500         0.25000        0.82686
0.40700         0.25000        0.83013
0.40900         0.25000        0.83331
0.41100         0.25000        0.83640
0.41300         0.25000        0.83942
0.41500         0.25000        0.84235
0.41700         0.25000        0.84520
0.41900         0.25000        0.84797
0.42100         0.25000        0.85066
0.42300         0.25000        0.85328
0.42500         0.25000        0.85583
0.42700         0.25000        0.85830
0.42900         0.25000        0.86071
0.43100         0.25000        0.86304
0.43300         0.25000        0.86530
0.43500         0.25000        0.86748
0.43700         0.25000        0.86960
0.43900         0.25000        0.87164
0.44100         0.25000        0.87361
0.44300         0.25000        0.87551
0.44500         0.25000        0.87735
0.44700         0.25000        0.87912
0.44900         0.25000        0.88082
0.45100         0.25000        0.88246
0.45300         0.25000        0.88402
0.45500         0.25000        0.88552
0.45700         0.25000        0.88695
0.45900         0.25000        0.88831
0.46100         0.25000        0.88961
0.46300         0.25000        0.89084
0.46500         0.25000        0.89201
0.46700         0.25000        0.89311
0.46900         0.25000        0.89414
0.47100         0.25000        0.89511
0.47300         0.25000        0.89602
0.47500         0.25000        0.89686
0.47700         0.25000        0.89763
0.47900         0.25000        0.89834
0.48100         0.25000        0.89898
0.48300         0.25000        0.89956
0.48500         0.25000        0.90008
0.48700         0.25000        0.90053
0.48900         0.25000        0.90091
0.49100         0.25000        0.90123
0.49300         0.25000        0.90149
0.49500         0.25000        0.90168
0.49700         0.25000        0.90181
0.49900         0.25000        0.90188
0.50100         0.25000        0.90188
0.50300         0.25000        0.90181
0.50500         0.25000        0.90168
0.50700         0.25000        0.90149
0.50900         0.25000        0.90123
0.51100         0.25000        0.90091
0.51300         0.25000        0.90053
0.51500         0.25000        0.90008
0.51700         0.25000        0.89956
0.51900         0.25000        0.89898
0.52100         0.25000        0.89834
0.52300         0.25000        0.89763
0.52500         0.25000        0.89686
0.52700         0.25000        0.89602
0.52900         0.25000        0.89511
0.53100         0.25000        0.89414
0.53300         0.25000        0.89311
0.53500         0.25000        0.89201
0.53700         0.25000        0.89084
0.53900         0.25000        0.88961
0.54100         0.25000        0.88831
0.54300         0.25000        0.88695
0.54500         0.25000        0.88552
0.54700         0.25000        0.88402
0.54900         0.25000        0.88246
0.55100         0.25000        0.88082
0.55300         0.25000        0.87912
0.55500         0.25000        0.87735
0.55700         0.25000        0.87551
0.55900         0.25000        0.87361
0.56100         0.25000        0.87164
0.56300         0.25000        0.86960
0.56500         0.25000        0.86748
0.56700         0.25000        0.86530
0.56900         0.25000        0.86304
0.57100         0.25000        0.86071
0.57300         0.25000        0.85830
0.57500         0.25000        0.85583
0.57700         0.25000        0.85328
0.57900         0.25000        0.85066
0.58100         0.25000        0.84797
0.58300         0.25000        0.84520
0.58500         0.25000        0.84235
0.58700         0.25000        0.83942
0.58900         0.25000        0.83640
0.59100         0.25000        0.83331
0.59300         0.25000        0.83013
0.59500         0.25000        0.82686
0.59700         0.25000        0.82352
0.59900         0.25000        0.82009
0.60100         0.25000        0.81659
0.60300         0.25000        0.81298
0.60500         0.25000        0.80928
0.60700         0.25000        0.80547
0.60900         0.25000        0.80156
0.61100         0.25000        0.79755
0.61300         0.25000        0.79344
0.61500         0.25000        0.78922
0.61700         0.25000        0.78490
0.61900         0.25000        0.78049
0.62100         0.25000        0.77595
0.62300         0.25000        0.77129
0.62500         0.25000        0.76651
0.62700         0.25000        0.76163
0.62900         0.25000        0.75663
0.63100         0.25000        0.75151
0.63300         0.25000        0.74628
0.63500         0.25000        0.74094
0.63700         0.25000        0.73549
0.63900         0.25000        0.72992
0.64100         0.25000        0.72417
0.64300         0.25000        0.71833
0.64500         0.25000        0.71250
0.64700         0.25000        0.70667
0.64900         0.25000        0.70085
0.65100         0.25000        0.69503
0.65300         0.25000        0.68921
0.65500         0.25000        0.68340
0.65700         0.25000        0.67759
0.65900         0.25000        0.67179
0.66100         0.25000        0.66596
0.66300         0.25000        0.66040
0.66500         0.25000        0.65527
0.66700         0.25000        0.65055
0.66900         0.25000        0.64624
0.67100         0.25000        0.64236
0.67300         0.25000        0.63889
0.67500         0.25000        0.63584
0.67700         0.25000        0.63320
0.67900         0.25000        0.63098
0.68100         0.25000        0.62949
0.68300         0.25000        0.62888
0.68500         0.25000        0.62892
0.68700         0.25000        0.62959
0.68900         0.25000        0.63090
0.69100         0.25000        0.63285
0.69300         0.25000        0.63543
0.69500         0.25000        0.63866
0.69700         0.25000        0.64253
0.69900         0.25000        0.64703
0.70100         0.25000        0.65282
0.70300         0.25000        0.65887
0.70500         0.25000        0.66420
0.70700         0.25000        0.66881
0.70900         0.25000        0.67270
0.71100         0.25000        0.67588
0.71300         0.25000        0.67833
0.71500         0.25000        0.68006
0.71700         0.25000        0.68107
0.71900         0.25000        0.68137
0.72100         0.25000        0.68208
0.72300         0.25000        0.67909
0.72500         0.25000        0.66991
0.72700         0.25000        0.65453
0.72900         0.25000        0.63294
0.73100         0.25000        0.60516
0.73300         0.25000        0.57119
0.73500         0.25000        0.53101
0.73700         0.25000        0.48463
0.73900         0.25000        0.43206
0.74100         0.25000        0.36310
0.74300         0.25000        0.28241
0.74500         0.25000        0.20172
0.74700         0.25000        0.12103
0.74900         0.25000        0.040344
0.75100         0.25000        -0.040344
0.75300         0.25000        -0.12103
0.75500         0.25000        -0.20172
0.75700         0.25000        -0.28241
0.75900         0.25000        -0.36310
0.76100         0.25000        -0.43206
0.76300         0.25000        -0.48463
0.76500         0.25000        -0.53101
0.76700         0.25000        -0.57119
0.76900         0.25000        -0.60516
0.77100         0.25000        -0.63294
0.77300         0.25000        -0.65453
0.77500         0.25000        -0.66991
0.77700         0.25000        -0.67909
0.77900         0.25000        -0.68208
0.78100         0.25000        -0.68137
0.78300         0.25000        -0.68107
0.78500         0.25000        -0.68006
0.78700         0.25000        -0.67833
0.78900         0.25000        -0.67588
0.79100         0.25000        -0.67270
0.79300         0.25000        -0.66881
0.79500         0.25000        -0.66420
0.79700         0.25000        -0.65887
0.79900         0.25000        -0.65282
0.80100         0.25000        -0.64703
0.80300         0.25000        -0.64253
0.80500         0.25000        -0.63866
0.80700         0.25000        -0.63543
0.80900         0.25000        -0.63285
0.81100         0.25000        -0.63090
0.81300         0.25000        -0.62959
0.81500         0.25000        -0.62892
0.81700         0.25000        -0.62888
0.81900         0.25000        -0.62949
0.82100         0.25000        -0.63098
0.82300         0.25000        -0.63320
0.82500         0.25000        -0.63584
0.82700         0.25000        -0.63889
0.82900         0.25000        -0.64236
0.83100         0.25000        -0.64624
0.83300         0.25000        -0.65055
0.83500         0.25000        -0.65527
0.83700         0.25000        -0.66040
0.83900         0.25000        -0.66596
0.84100         0.25000        -0.67179
0.84300         0.25000        -0.67759
0.84500         0.25000        -0.68340
0.84700         0.25000        -0.68921
0.84900         0.25000        -0.69503
0.85100         0.25000        -0.70085
0.85300         0.25000        -0.70667
0.85500         0.25000        -0.71250
0.85700         0.25000        -0.71833
0.85900         0.25000        -0.72417
0.86100         0.25000        -0.72992
0.86300         0.25000        -0.73549
0.86500         0.25000        -0.74094
0.86700         0.25000        -0.74628
0.86900         0.25000        -0.75151
0.87100         0.25000        -0.75663
0.87300         0.25000        -0.76163
0.87500         0.25000        -0.76651
0.87700         0.25000        -0.77129
0.87900         0.25000        -0.77595
0.88100         0.25000        -0.78049
0.88300         0.25000        -0.78490
0.88500         0.25000        -0.78922
0.88700         0.25000        -0.79344
0.88900         0.25000        -0.79755
0.89100         0.25000        -0.80156
0.89300         0.25000        -0.80547
0.89500         0.25000        -0.80928
0.89700         0.25000        -0.81298
0.89900         0.25000        -0.81659
0.90100         0.25000        -0.82009
0.90300         0.25000        -0.82352
0.90500         0.25000        -0.82686
0.90700         0.25000        -0.83013
0.90900         0.25000        -0.83331
0.91100         0.25000        -0.83640
0.91300         0.25000        -0.83942
0.91500         0.25000        -0.84235
0.91700         0.25000        -0.84520
0.91900         0.25000        -0.84797
0.92100         0.25000        -0.85066
0.92300         0.25000        -0.85328
0.92500         0.25000        -0.85583
0.92700         0.25000        -0.85830
0.92900         0.25000        -0.86071
0.93100         0.25000        -0.86304
0.93300         0.25000        -0.86530
0.93500         0.25000        -0.86748
0.93700         0.25000        -0.86960
0.93900         0.25000        -0.87164
0.94100         0.25000        -0.87361
0.94300         0.25000        -0.87551
0.94500         0.25000        -0.87735
0.94700         0.25000        -0.87912
0.94900         0.25000        -0.88082
0.95100         0.25000        -0.88246
0.95300         0.25000        -0.88402
0.95500         0.25000        -0.88552
0.95700         0.25000        -0.88695
0.95900         0.25000        -0.88831
0.96100         0.25000        -0.88961
0.96300         0.25000        -0.89084
0.96500         0.25000        -0.89201
0.96700         0.25000        -0.89311
0.96900         0.25000        -0.89414
0.97100         0.25000        -0.89511
0.97300         0.25000        -0.89602
0.97500         0.25000        -0.89686
0.97700         0.25000        -0.89763
0.97900         0.25000        -0.89834
0.98100         0.25000        -0.89898
0.98300         0.25000        -0.89956
0.98500         0.25000        -0.90008
0.98700         0.25000        -0.90053
0.98900         0.25000        -0.90091
0.99100         0.25000        -0.90123
0.99300         0.25000        -0.90149
0.99500         0.25000        -0.90168
0.99700         0.25000        -0.90181
0.99900         0.25000        -0.90188
