-0.99900        1.0000         -0.84699
-0.99700        1.0000         -0.84702
-0.99500        1.0000         -0.84706
-0.99300        1.0000         -0.84713
-0.99100        1.0000         -0.84723
-0.98900        1.0000         -0.84734
-0.98700        1.0000         -0.84748
-0.98500        1.0000         -0.84765
-0.98300        1.0000         -0.84783
-0.98100        1.0000         -0.84804
-0.97900        1.0000         -0.84828
-0.97700        1.0000         -0.84853
-0.97500        1.0000         -0.84882
-0.97300        1.0000         -0.84912
-0.97100        1.0000         -0.84945
-0.96900        1.0000         -0.84981
-0.96700        1.0000         -0.85018
-0.96500        1.0000         -0.85059
-0.96300        1.0000         -0.85101
-0.96100        1.0000         -0.85146
-0.95900        1.0000         -0.85194
-0.95700        1.0000         -0.85243
-0.95500        1.0000         -0.85296
-0.95300        1.0000         -0.85351
-0.95100        1.0000         -0.85408
-0.94900        1.0000         -0.85468
-0.94700        1.0000         -0.85530
-0.94500        1.0000         -0.85595
-0.94300        1.0000         -0.85662
-0.94100        1.0000         -0.85732
-0.93900        1.0000         -0.85804
-0.93700        1.0000         -0.85879
-0.93500        1.0000         -0.85957
-0.93300        1.0000         -0.86036
-0.93100        1.0000         -0.86119
-0.92900        1.0000         -0.86203
-0.92700        1.0000         -0.86291
-0.92500        1.0000         -0.86381
-0.92300        1.0000         -0.86473
-0.92100        1.0000         -0.86568
-0.91900        1.0000         -0.86665
-0.91700        1.0000         -0.86765
-0.91500        1.0000         -0.86867
-0.91300        1.0000         -0.86971
-0.91100        1.0000         -0.87078
-0.90900        1.0000         -0.87186
-0.90700        1.0000         -0.87298
-0.90500        1.0000         -0.87411
-0.90300        1.0000         -0.87526
-0.90100        1.0000         -0.87644
-0.89900        1.0000         -0.87764
-0.89700        1.0000         -0.87886
-0.89500        1.0000         -0.88010
-0.89300        1.0000         -0.88135
-0.89100        1.0000         -0.88262
-0.88900        1.0000         -0.88391
-0.88700        1.0000         -0.88522
-0.88500        1.0000         -0.88655
-0.88300        1.0000         -0.88790
-0.88100        1.0000         -0.88926
-0.87900        1.0000         -0.89064
-0.87700        1.0000         -0.89204
-0.87500        1.0000         -0.89345
-0.87300        1.0000         -0.89488
-0.87100        1.0000         -0.89632
-0.86900        1.0000         -0.89778
-0.86700        1.0000         -0.89925
-0.86500        1.0000         -0.90074
-0.86300        1.0000         -0.90224
-0.86100        1.0000         -0.90376
-0.85900        1.0000         -0.90530
-0.85700        1.0000         -0.90685
-0.85500        1.0000         -0.90842
-0.85300        1.0000         -0.91000
-0.85100        1.0000         -0.91159
-0.84900        1.0000         -0.91320
-0.84700        1.0000         -0.91482
-0.84500        1.0000         -0.91646
-0.84300        1.0000         -0.91811
-0.84100        1.0000         -0.91977
-0.83900        1.0000         -0.92146
-0.83700        1.0000         -0.92315
-0.83500        1.0000         -0.92485
-0.83300        1.0000         -0.92655
-0.83100        1.0000         -0.92826
-0.82900        1.0000         -0.92996
-0.82700        1.0000         -0.93167
-0.82500        1.0000         -0.93339
-0.82300        1.0000         -0.93510
-0.82100        1.0000         -0.93682
-0.81900        1.0000         -0.93858
-0.81700        1.0000         -0.94034
-0.81500        1.0000         -0.94204
-0.81300        1.0000         -0.94368
-0.81100        1.0000         -0.94527
-0.80900        1.0000         -0.94680
-0.80700        1.0000         -0.94827
-0.80500        1.0000         -0.94969
-0.80300        1.0000         -0.95105
-0.80100        1.0000         -0.95235
-0.79900        1.0000         -0.95413
-0.79700        1.0000         -0.95584
-0.79500        1.0000         -0.95677
-0.79300        1.0000         -0.95693
-0.79100        1.0000         -0.95631
-0.78900        1.0000         -0.95491
-0.78700        1.0000         -0.95274
-0.78500        1.0000         -0.94979
-0.78300        1.0000         -0.94606
-0.78100        1.0000         -0.94156
-0.77900        1.0000         -0.93996
-0.77700        1.0000         -0.93599
-0.77500        1.0000         -0.92420
-0.77300        1.0000         -0.90458
-0.77100        1.0000         -0.87715
-0.76900        1.0000         -0.84190
-0.76700        1.0000         -0.79883
-0.76500        1.0000         -0.74794
-0.76300        1.0000         -0.68923
-0.76100        1.0000         -0.62270
-0.75900        1.0000         -0.52786
-0.75700        1.0000         -0.41056
-0.75500        1.0000         -0.29325
-0.75300        1.0000         -0.17595
-0.75100        1.0000         -0.058651
-0.74900        1.0000         0.058651
-0.74700        1.0000         0.17595
-0.74500        1.0000         0.29325
-0.74300        1.0000         0.41056
-0.74100        1.0000         0.52786
-0.73900        1.0000         0.62270
-0.73700        1.0000         0.68923
-0.73500        1.0000         0.74794
-0.73300        1.0000         0.79883
-0.73100        1.0000         0.84190
-0.72900        1.0000         0.87715
-0.72700        1.0000         0.90458
-0.72500        1.0000         0.92420
-0.72300        1.0000         0.93599
-0.72100        1.0000         0.93996
-0.71900        1.0000         0.94156
-0.71700        1.0000         0.94606
-0.71500        1.0000         0.94979
-0.71300        1.0000         0.95274
-0.71100        1.0000         0.95491
-0.70900        1.0000         0.95631
-0.70700        1.0000         0.95693
-0.70500        1.0000         0.95677
-0.70300        1.0000         0.95584
-0.70100        1.0000         0.95413
-0.69900        1.0000         0.95235
-0.69700        1.0000         0.95105
-0.69500        1.0000         0.94969
-0.69300        1.0000         0.94827
-0.69100        1.0000         0.94680
-0.68900        1.0000         0.94527
-0.68700        1.0000         0.94368
-0.68500        1.0000         0.94204
-0.68300        1.0000         0.94034
-0.68100        1.0000         0.93858
-0.67900        1.0000         0.93682
-0.67700        1.0000         0.93510
-0.67500        1.0000         0.93339
-0.67300        1.0000         0.93167
-0.67100        1.0000         0.92996
-0.66900        1.0000         0.92826
-0.66700        1.0000         0.92655
-0.66500        1.0000         0.92485
-0.66300        1.0000         0.92315
-0.66100        1.0000         0.92146
-0.65900        1.0000         0.91977
-0.65700        1.0000         0.91811
-0.65500        1.0000         0.91646
-0.65300        1.0000         0.91482
-0.65100        1.0000         0.91320
-0.64900        1.0000         0.91159
-0.64700        1.0000         0.91000
-0.64500        1.0000         0.90842
-0.64300        1.0000         0.90685
-0.64100        1.0000         0.90530
-0.63900        1.0000         0.90376
-0.63700        1.0000         0.90224
-0.63500        1.0000         0.90074
-0.63300        1.0000         0.89925
-0.63100        1.0000         0.89778
-0.62900        1.0000         0.89632
-0.62700        1.0000         0.89488
-0.62500        1.0000         0.89345
-0.62300        1.0000         0.89204
-0.62100        1.0000         0.89064
-0.61900        1.0000         0.88926
-0.61700        1.0000         0.88790
-0.61500        1.0000         0.88655
-0.61300        1.0000         0.88522
-0.61100        1.0000         0.88391
-0.60900        1.0000         0.88262
-0.60700        1.0000         0.88135
-0.60500        1.0000         0.88010
-0.60300        1.0000         0.87886
-0.60100        1.0000         0.87764
-0.59900        1.0000         0.87644
-0.59700        1.0000         0.87526
-0.59500        1.0000         0.87411
-0.59300        1.0000         0.87298
-0.59100        1.0000         0.87186
-0.58900        1.0000         0.87078
-0.58700        1.0000         0.86971
-0.58500        1.0000         0.86867
-0.58300        1.0000         0.86765
-0.58100        1.0000         0.86665
-0.57900        1.0000         0.86568
-0.57700        1.0000         0.86473
-0.57500        1.0000         0.86381
-0.57300        1.0000         0.86291
-0.57100        1.0000         0.86203
-0.56900        1.0000         0.86119
-0.56700        1.0000         0.86036
-0.56500        1.0000         0.85957
-0.56300        1.0000         0.85879
-0.56100        1.0000         0.85804
-0.55900        1.0000         0.85732
-0.55700        1.0000         0.85662
-0.55500        1.0000         0.85595
-0.55300        1.0000         0.85530
-0.55100        1.0000         0.85468
-0.54900        1.0000         0.85408
-0.54700        1.0000         0.85351
-0.54500        1.0000         0.85296
-0.54300        1.0000         0.85243
-0.54100        1.0000         0.85194
-0.53900        1.0000         0.85146
-0.53700        1.0000         0.85101
-0.53500        1.0000         0.85059
-0.53300        1.0000         0.85018
-0.53100        1.0000         0.84981
-0.52900        1.0000         0.84945
-0.52700        1.0000         0.84912
-0.52500        1.0000         0.84882
-0.52300        1.0000         0.84853
-0.52100        1.0000         0.84828
-0.51900        1.0000         0.84804
-0.51700        1.0000         0.84783
-0.51500        1.0000         0.84765
-0.51300        1.0000         0.84748
-0.51100        1.0000         0.84734
-0.50900        1.0000         0.84723
-0.50700        1.0000         0.84713
-0.50500        1.0000         0.84706
-0.50300        1.0000         0.84702
-0.50100        1.0000         0.84699
-0.49900        1.0000         0.84699
-0.49700        1.0000         0.84702
-0.49500        1.0000         0.84706
-0.49300        1.0000         0.84713
-0.49100        1.0000         0.84723
-0.48900        1.0000         0.84734
-0.48700        1.0000         0.84748
-0.48500        1.0000         0.84765
-0.48300        1.0000         0.84783
-0.48100        1.0000         0.84804
-0.47900        1.0000         0.84828
-0.47700        1.0000         0.84853
-0.47500        1.0000         0.84882
-0.47300        1.0000         0.84912
-0.47100        1.0000         0.84945
-0.46900        1.0000         0.84981
-0.46700        1.0000         0.85018
-0.46500        1.0000         0.85059
-0.46300        1.0000         0.85101
-0.46100        1.0000         0.85146
-0.45900        1.0000         0.85194
-0.45700        1.0000         0.85243
-0.45500        1.0000         0.85296
-0.45300        1.0000         0.85351
-0.45100        1.0000         0.85408
-0.44900        1.0000         0.85468
-0.44700        1.0000         0.85530
-0.44500        1.0000         0.85595
-0.44300        1.0000         0.85662
-0.44100        1.0000         0.85732
-0.43900        1.0000         0.85804
-0.43700        1.0000         0.85879
-0.43500        1.0000         0.85957
-0.43300        1.0000         0.86036
-0.43100        1.0000         0.86119
-0.42900        1.0000         0.86203
-0.42700        1.0000         0.86291
-0.42500        1.0000         0.86381
-0.42300        1.0000         0.86473
-0.42100        1.0000         0.86568
-0.41900        1.0000         0.86665
-0.41700        1.0000         0.86765
-0.41500        1.0000         0.86867
-0.41300        1.0000         0.86971
-0.41100        1.0000         0.87078
-0.40900        1.0000         0.87186
-0.40700        1.0000         0.87298
-0.40500        1.0000         0.87411
-0.40300        1.0000         0.87526
-0.40100        1.0000         0.87644
-0.39900        1.0000         0.87764
-0.39700        1.0000         0.87886
-0.39500        1.0000         0.88010
-0.39300        1.0000         0.88135
-0.39100        1.0000         0.88262
-0.38900        1.0000         0.88391
-0.38700        1.0000         0.88522
-0.38500        1.0000         0.88655
-0.38300        1.0000         0.88790
-0.38100        1.0000         0.88926
-0.37900        1.0000         0.89064
-0.37700        1.0000         0.89204
-0.37500        1.0000         0.89345
-0.37300        1.0000         0.89488
-0.37100        1.0000         0.89632
-0.36900        1.0000         0.89778
-0.36700        1.0000         0.89925
-0.36500        1.0000         0.90074
-0.36300        1.0000         0.90224
-0.36100        1.0000         0.90376
-0.35900        1.0000         0.90530
-0.35700        1.0000         0.90685
-0.35500        1.0000         0.90842
-0.35300        1.0000         0.91000
-0.35100        1.0000         0.91159
-0.34900        1.0000         0.91320
-0.34700        1.0000         0.91482
-0.34500        1.0000         0.91646
-0.34300        1.0000         0.91811
-0.34100        1.0000         0.91977
-0.33900        1.0000         0.92146
-0.33700        1.0000         0.92315
-0.33500        1.0000         0.92485
-0.33300        1.0000         0.92655
-0.33100        1.0000         0.92826
-0.32900        1.0000         0.92996
-0.32700        1.0000         0.93167
-0.32500        1.0000         0.93339
-0.32300        1.0000         0.93510
-0.32100        1.0000         0.93682
-0.31900        1.0000         0.93858
-0.31700        1.0000         0.94034
-0.31500        1.0000         0.94204
-0.31300        1.0000         0.94368
-0.31100        1.0000         0.94527
-0.30900        1.0000         0.94680
-0.30700        1.0000         0.94827
-0.30500        1.0000         0.94969
-0.30300        1.0000         0.95105
-0.30100        1.0000         0.95235
-0.29900        1.0000         0.95413
-0.29700        1.0000         0.95584
-0.29500        1.0000         0.95677
-0.29300        1.0000         0.95693
-0.29100        1.0000         0.95631
-0.28900        1.0000         0.95491
-0.28700        1.0000         0.95274
-0.28500        1.0000         0.94979
-0.28300        1.0000         0.94606
-0.28100        1.0000         0.94156
-0.27900        1.0000         0.93996
-0.27700        1.0000         0.93599
-0.27500        1.0000         0.92420
-0.27300        1.0000         0.90458
-0.27100        1.0000         0.87715
-0.26900        1.0000         0.84190
-0.26700        1.0000         0.79883
-0.26500        1.0000         0.74794
-0.26300        1.0000         0.68923
-0.26100        1.0000         0.62270
-0.25900        1.0000         0.52786
-0.25700        1.0000         0.41056
-0.25500        1.0000         0.29325
-0.25300        1.0000         0.17595
-0.25100        1.0000         0.058651
-0.24900        1.0000         -0.058651
-0.24700        1.0000         -0.17595
-0.24500        1.0000         -0.29325
-0.24300        1.0000         -0.41056
-0.24100        1.0000         -0.52786
-0.23900        1.0000         -0.62270
-0.23700        1.0000         -0.68923
-0.23500        1.0000         -0.74794
-0.23300        1.0000         -0.79883
-0.23100        1.0000         -0.84190
-0.22900        1.0000         -0.87715
-0.22700        1.0000         -0.90458
-0.22500        1.0000         -0.92420
-0.22300        1.0000         -0.93599
-0.22100        1.0000         -0.93996
-0.21900        1.0000         -0.94156
-0.21700        1.0000         -0.94606
-0.21500        1.0000         -0.94979
-0.21300        1.0000         -0.95274
-0.21100        1.0000         -0.95491
-0.20900        1.0000         -0.95631
-0.20700        1.0000         -0.95693
-0.20500        1.0000         -0.95677
-0.20300        1.0000         -0.95584
-0.20100        1.0000         -0.95413
-0.19900        1.0000         -0.95235
-0.19700        1.0000         -0.95105
-0.19500        1.0000         -0.94969
-0.19300        1.0000         -0.94827
-0.19100        1.0000         -0.94680
-0.18900        1.0000         -0.94527
-0.18700        1.0000         -0.94368
-0.18500        1.0000         -0.94204
-0.18300        1.0000         -0.94034
-0.18100        1.0000         -0.93858
-0.17900        1.0000         -0.93682
-0.17700        1.0000         -0.93510
-0.17500        1.0000         -0.93339
-0.17300        1.0000         -0.93167
-0.17100        1.0000         -0.92996
-0.16900        1.0000         -0.92826
-0.16700        1.0000         -0.92655
-0.16500        1.0000         -0.92485
-0.16300        1.0000         -0.92315
-0.16100        1.0000         -0.92146
-0.15900        1.0000         -0.91977
-0.15700        1.0000         -0.91811
-0.15500        1.0000         -0.91646
-0.15300        1.0000         -0.91482
-0.15100        1.0000         -0.91320
-0.14900        1.0000         -0.91159
-0.14700        1.0000         -0.91000
-0.14500        1.0000         -0.90842
-0.14300        1.0000         -0.90685
-0.14100        1.0000         -0.90530
-0.13900        1.0000         -0.90376
-0.13700        1.0000         -0.90224
-0.13500        1.0000         -0.90074
-0.13300        1.0000         -0.89925
-0.13100        1.0000         -0.89778
-0.12900        1.0000         -0.89632
-0.12700        1.0000         -0.89488
-0.12500        1.0000         -0.89345
-0.12300        1.0000         -0.89204
-0.12100        1.0000         -0.89064
-0.11900        1.0000         -0.88926
-0.11700        1.0000         -0.88790
-0.11500        1.0000         -0.88655
-0.11300        1.0000         -0.88522
-0.11100        1.0000         -0.88391
-0.10900        1.0000         -0.88262
-0.10700        1.0000         -0.88135
-0.10500        1.0000         -0.88010
-0.10300        1.0000         -0.87886
-0.10100        1.0000         -0.87764
-0.099000       1.0000         -0.87644
-0.097000       1.0000         -0.87526
-0.095000       1.0000         -0.87411
-0.093000       1.0000         -0.87298
-0.091000       1.0000         -0.87186
-0.089000       1.0000         -0.87078
-0.087000       1.0000         -0.86971
-0.085000       1.0000         -0.86867
-0.083000       1.0000         -0.86765
-0.081000       1.0000         -0.86665
-0.079000       1.0000         -0.86568
-0.077000       1.0000         -0.86473
-0.075000       1.0000         -0.86381
-0.073000       1.0000         -0.86291
-0.071000       1.0000         -0.86203
-0.069000       1.0000         -0.86119
-0.067000       1.0000         -0.86036
-0.065000       1.0000         -0.85957
-0.063000       1.0000         -0.85879
-0.061000       1.0000         -0.85804
-0.059000       1.0000         -0.85732
-0.057000       1.0000         -0.85662
-0.055000       1.0000         -0.85595
-0.053000       1.0000         -0.85530
-0.051000       1.0000         -0.85468
-0.049000       1.0000         -0.85408
-0.047000       1.0000         -0.85351
-0.045000       1.0000         -0.85296
-0.043000       1.0000         -0.85243
-0.041000       1.0000         -0.85194
-0.039000       1.0000         -0.85146
-0.037000       1.0000         -0.85101
-0.035000       1.0000         -0.85059
-0.033000       1.0000         -0.85018
-0.031000       1.0000         -0.84981
-0.029000       1.0000         -0.84945
-0.027000       1.0000         -0.84912
-0.025000       1.0000         -0.84882
-0.023000       1.0000         -0.84853
-0.021000       1.0000         -0.84828
-0.019000       1.0000         -0.84804
-0.017000       1.0000         -0.84783
-0.015000       1.0000         -0.84765
-0.013000       1.0000         -0.84748
-0.011000       1.0000         -0.84734
-0.0090000      1.0000         -0.84723
-0.0070000      1.0000         -0.84713
-0.0050000      1.0000         -0.84706
-0.0030000      1.0000         -0.84702
-0.0010000      1.0000         -0.84699
0.0010000       1.0000         -0.84699
0.0030000       1.0000         -0.84702
0.0050000       1.0000         -0.84706
0.0070000       1.0000         -0.84713
0.0090000       1.0000         -0.84723
0.011000        1.0000         -0.84734
0.013000        1.0000         -0.84748
0.015000        1.0000         -0.84765
0.017000        1.0000         -0.84783
0.019000        1.0000         -0.84804
0.021000        1.0000         -0.84828
0.023000        1.0000         -0.84853
0.025000        1.0000         -0.84882
0.027000        1.0000         -0.84912
0.029000        1.0000         -0.84945
0.031000        1.0000         -0.84981
0.033000        1.0000         -0.85018
0.035000        1.0000         -0.85059
0.037000        1.0000         -0.85101
0.039000        1.0000         -0.85146
0.041000        1.0000         -0.85194
0.043000        1.0000         -0.85243
0.045000        1.0000         -0.85296
0.047000        1.0000         -0.85351
0.049000        1.0000         -0.85408
0.051000        1.0000         -0.85468
0.053000        1.0000         -0.85530
0.055000        1.0000         -0.85595
0.057000        1.0000         -0.85662
0.059000        1.0000         -0.85732
0.061000        1.0000         -0.85804
0.063000        1.0000         -0.85879
0.065000        1.0000         -0.85957
0.067000        1.0000         -0.86036
0.069000        1.0000         -0.86119
0.071000        1.0000         -0.86203
0.073000        1.0000         -0.86291
0.075000        1.0000         -0.86381
0.077000        1.0000         -0.86473
0.079000        1.0000         -0.86568
0.081000        1.0000         -0.86665
0.083000        1.0000         -0.86765
0.085000        1.0000         -0.86867
0.087000        1.0000         -0.86971
0.089000        1.0000         -0.87078
0.091000        1.0000         -0.87186
0.093000        1.0000         -0.87298
0.095000        1.0000         -0.87411
0.097000        1.0000         -0.87526
0.099000        1.0000         -0.87644
0.10100         1.0000         -0.87764
0.10300         1.0000         -0.87886
0.10500         1.0000         -0.88010
0.10700         1.0000         -0.88135
0.10900         1.0000         -0.88262
0.11100         1.0000         -0.88391
0.11300         1.0000         -0.88522
0.11500         1.0000         -0.88655
0.11700         1.0000         -0.88790
0.11900         1.0000         -0.88926
0.12100         1.0000         -0.89064
0.12300         1.0000         -0.89204
0.12500         1.0000         -0.89345
0.12700         1.0000         -0.89488
0.12900         1.0000         -0.89632
0.13100         1.0000         -0.89778
0.13300         1.0000         -0.89925
0.13500         1.0000         -0.90074
0.13700         1.0000         -0.90224
0.13900         1.0000         -0.90376
0.14100         1.0000         -0.90530
0.14300         1.0000         -0.90685
0.14500         1.0000         -0.90842
0.14700         1.0000         -0.91000
0.14900         1.0000         -0.91159
0.15100         1.0000         -0.91320
0.15300         1.0000         -0.91482
0.15500         1.0000         -0.91646
0.15700         1.0000         -0.91811
0.15900         1.0000         -0.91977
0.16100         1.0000         -0.92146
0.16300         1.0000         -0.92315
0.16500         1.0000         -0.92485
0.16700         1.0000         -0.92655
0.16900         1.0000         -0.92826
0.17100         1.0000         -0.92996
0.17300         1.0000         -0.93167
0.17500         1.0000         -0.93339
0.17700         1.0000         -0.93510
0.17900         1.0000         -0.93682
0.18100         1.0000         -0.93858
0.18300         1.0000         -0.94034
0.18500         1.0000         -0.94204
0.18700         1.0000         -0.94368
0.18900         1.0000         -0.94527
0.19100         1.0000         -0.94680
0.19300         1.0000         -0.94827
0.19500         1.0000         -0.94969
0.19700         1.0000         -0.95105
0.19900         1.0000         -0.95235
0.20100         1.0000         -0.95413
0.20300         1.0000         -0.95584
0.20500         1.0000         -0.95677
0.20700         1.0000         -0.95693
0.20900         1.0000         -0.95631
0.21100         1.0000         -0.95491
0.21300         1.0000         -0.95274
0.21500         1.0000         -0.94979
0.21700         1.0000         -0.94606
0.21900         1.0000         -0.94156
0.22100         1.0000         -0.93996
0.22300         1.0000         -0.93599
0.22500         1.0000         -0.92420
0.22700         1.0000         -0.90458
0.22900         1.0000         -0.87715
0.23100         1.0000         -0.84190
0.23300         1.0000         -0.79883
0.23500         1.0000         -0.74794
0.23700         1.0000         -0.68923
0.23900         1.0000         -0.62270
0.24100         1.0000         -0.52786
0.24300         1.0000         -0.41056
0.24500         1.0000         -0.29325
0.24700         1.0000         -0.17595
0.24900         1.0000         -0.058651
0.25100         1.0000         0.058651
0.25300         1.0000         0.17595
0.25500         1.0000         0.29325
0.25700         1.0000         0.41056
0.25900         1.0000         0.52786
0.26100         1.0000         0.62270
0.26300         1.0000         0.68923
0.26500         1.0000         0.74794
0.26700         1.0000         0.79883
0.26900         1.0000         0.84190
0.27100         1.0000         0.87715
0.27300         1.0000         0.90458
0.27500         1.0000         0.92420
0.27700         1.0000         0.93599
0.27900         1.0000         0.93996
0.28100         1.0000         0.94156
0.28300         1.0000         0.94606
0.28500         1.0000         0.94979
0.28700         1.0000         0.95274
0.28900         1.0000         0.95491
0.29100         1.0000         0.95631
0.29300         1.0000         0.95693
0.29500         1.0000         0.95677
0.29700         1.0000         0.95584
0.29900         1.0000         0.95413
0.30100         1.0000         0.95235
0.30300         1.0000         0.95105
0.30500         1.0000         0.94969
0.30700         1.0000         0.94827
0.30900         1.0000         0.94680
0.31100         1.0000         0.94527
0.31300         1.0000         0.94368
0.31500         1.0000         0.94204
0.31700         1.0000         0.94034
0.31900         1.0000         0.93858
0.32100         1.0000         0.93682
0.32300         1.0000         0.93510
0.32500         1.0000         0.93339
0.32700         1.0000         0.93167
0.32900         1.0000         0.92996
0.33100         1.0000         0.92826
0.33300         1.0000         0.92655
0.33500         1.0000         0.92485
0.33700         1.0000         0.92315
0.33900         1.0000         0.92146
0.34100         1.0000         0.91977
0.34300         1.0000         0.91811
0.34500         1.0000         0.91646
0.34700         1.0000         0.91482
0.34900         1.0000         0.91320
0.35100         1.0000         0.91159
0.35300         1.0000         0.91000
0.35500         1.0000         0.90842
0.35700         1.0000         0.90685
0.35900         1.0000         0.90530
0.36100         1.0000         0.90376
0.36300         1.0000         0.90224
0.36500         1.0000         0.90074
0.36700         1.0000         0.89925
0.36900         1.0000         0.89778
0.37100         1.0000         0.89632
0.37300         1.0000         0.89488
0.37500         1.0000         0.89345
0.37700         1.0000         0.89204
0.37900         1.0000         0.89064
0.38100         1.0000         0.88926
0.38300         1.0000         0.88790
0.38500         1.0000         0.88655
0.38700         1.0000         0.88522
0.38900         1.0000         0.88391
0.39100         1.0000         0.88262
0.39300         1.0000         0.88135
0.39500         1.0000         0.88010
0.39700         1.0000         0.87886
0.39900         1.0000         0.87764
0.40100         1.0000         0.87644
0.40300         1.0000         0.87526
0.40500         1.0000         0.87411
0.40700         1.0000         0.87298
0.40900         1.0000         0.87186
0.41100         1.0000         0.87078
0.41300         1.0000         0.86971
0.41500         1.0000         0.86867
0.41700         1.0000         0.86765
0.41900         1.0000         0.86665
0.42100         1.0000         0.86568
0.42300         1.0000         0.86473
0.42500         1.0000         0.86381
0.42700         1.0000         0.86291
0.42900         1.0000         0.86203
0.43100         1.0000         0.86119
0.43300         1.0000         0.86036
0.43500         1.0000         0.85957
0.43700         1.0000         0.85879
0.43900         1.0000         0.85804
0.44100         1.0000         0.85732
0.44300         1.0000         0.85662
0.44500         1.0000         0.85595
0.44700         1.0000         0.85530
0.44900         1.0000         0.85468
0.45100         1.0000         0.85408
0.45300         1.0000         0.85351
0.45500         1.0000         0.85296
0.45700         1.0000         0.85243
0.45900         1.0000         0.85194
0.46100         1.0000         0.85146
0.46300         1.0000         0.85101
0.46500         1.0000         0.85059
0.46700         1.0000         0.85018
0.46900         1.0000         0.84981
0.47100         1.0000         0.84945
0.47300         1.0000         0.84912
0.47500         1.0000         0.84882
0.47700         1.0000         0.84853
0.47900         1.0000         0.84828
0.48100         1.0000         0.84804
0.48300         1.0000         0.84783
0.48500         1.0000         0.84765
0.48700         1.0000         0.84748
0.48900         1.0000         0.84734
0.49100         1.0000         0.84723
0.49300         1.0000         0.84713
0.49500         1.0000         0.84706
0.49700         1.0000         0.84702
0.49900         1.0000         0.84699
0.50100         1.0000         0.84699
0.50300         1.0000         0.84702
0.50500         1.0000         0.84706
0.50700         1.0000         0.84713
0.50900         1.0000         0.84723
0.51100         1.0000         0.84734
0.51300         1.0000         0.84748
0.51500         1.0000         0.84765
0.51700         1.0000         0.84783
0.51900         1.0000         0.84804
0.52100         1.0000         0.84828
0.52300         1.0000         0.84853
0.52500         1.0000         0.84882
0.52700         1.0000         0.84912
0.52900         1.0000         0.84945
0.53100         1.0000         0.84981
0.53300         1.0000         0.85018
0.53500         1.0000         0.85059
0.53700         1.0000         0.85101
0.53900         1.0000         0.85146
0.54100         1.0000         0.85194
0.54300         1.0000         0.85243
0.54500         1.0000         0.85296
0.54700         1.0000         0.85351
0.54900         1.0000         0.85408
0.55100         1.0000         0.85468
0.55300         1.0000         0.85530
0.55500         1.0000         0.85595
0.55700         1.0000         0.85662
0.55900         1.0000         0.85732
0.56100         1.0000         0.85804
0.56300         1.0000         0.85879
0.56500         1.0000         0.85957
0.56700         1.0000         0.86036
0.56900         1.0000         0.86119
0.57100         1.0000         0.86203
0.57300         1.0000         0.86291
0.57500         1.0000         0.86381
0.57700         1.0000         0.86473
0.57900         1.0000         0.86568
0.58100         1.0000         0.86665
0.58300         1.0000         0.86765
0.58500         1.0000         0.86867
0.58700         1.0000         0.86971
0.58900         1.0000         0.87078
0.59100         1.0000         0.87186
0.59300         1.0000         0.87298
0.59500         1.0000         0.87411
0.59700         1.0000         0.87526
0.59900         1.0000         0.87644
0.60100         1.0000         0.87764
0.60300         1.0000         0.87886
0.60500         1.0000         0.88010
0.60700         1.0000         0.88135
0.60900         1.0000         0.88262
0.61100         1.0000         0.88391
0.61300         1.0000         0.88522
0.61500         1.0000         0.88655
0.61700         1.0000         0.88790
0.61900         1.0000         0.88926
0.62100         1.0000         0.89064
0.62300         1.0000         0.89204
0.62500         1.0000         0.89345
0.62700         1.0000         0.89488
0.62900         1.0000         0.89632
0.63100         1.0000         0.89778
0.63300         1.0000         0.89925
0.63500         1.0000         0.90074
0.63700         1.0000         0.90224
0.63900         1.0000         0.90376
0.64100         1.0000         0.90530
0.64300         1.0000         0.90685
0.64500         1.0000         0.90842
0.64700         1.0000         0.91000
0.64900         1.0000         0.91159
0.65100         1.0000         0.91320
0.65300         1.0000         0.91482
0.65500         1.0000         0.91646
0.65700         1.0000         0.91811
0.65900         1.0000         0.91977
0.66100         1.0000         0.92146
0.66300         1.0000         0.92315
0.66500         1.0000         0.92485
0.66700         1.0000         0.92655
0.66900         1.0000         0.92826
0.67100         1.0000         0.92996
0.67300         1.0000         0.93167
0.67500         1.0000         0.93339
0.67700         1.0000         0.93510
0.67900         1.0000         0.93682
0.68100         1.0000         0.93858
0.68300         1.0000         0.94034
0.68500         1.0000         0.94204
0.68700         1.0000         0.94368
0.68900         1.0000         0.94527
0.69100         1.0000         0.94680
0.69300         1.0000         0.94827
0.69500         1.0000         0.94969
0.69700         1.0000         0.95105
0.69900         1.0000         0.95235
0.70100         1.0000         0.95413
0.70300         1.0000         0.95584
0.70500         1.0000         0.95677
0.70700         1.0000         0.95693
0.70900         1.0000         0.95631
0.71100         1.0000         0.95491
0.71300         1.0000         0.95274
0.71500         1.0000         0.94979
0.71700         1.0000         0.94606
0.71900         1.0000         0.94156
0.72100         1.0000         0.93996
0.72300         1.0000         0.93599
0.72500         1.0000         0.92420
0.72700         1.0000         0.90458
0.72900         1.0000         0.87715
0.73100         1.0000         0.84190
0.73300         1.0000         0.79883
0.73500         1.0000         0.74794
0.73700         1.0000         0.68923
0.73900         1.0000         0.62270
0.74100         1.0000         0.52786
0.74300         1.0000         0.41056
0.74500         1.0000         0.29325
0.74700         1.0000         0.17595
0.74900         1.0000         0.058651
0.75100         1.0000         -0.058651
0.75300         1.0000         -0.17595
0.75500         1.0000         -0.29325
0.75700         1.0000         -0.41056
0.75900         1.0000         -0.52786
0.76100         1.0000         -0.62270
0.76300         1.0000         -0.68923
0.76500         1.0000         -0.74794
0.76700         1.0000         -0.79883
0.76900         1.0000         -0.84190
0.77100         1.0000         -0.87715
0.77300         1.0000         -0.90458
0.77500         1.0000         -0.92420
0.77700         1.0000         -0.93599
0.77900         1.0000         -0.93996
0.78100         1.0000         -0.94156
0.78300         1.0000         -0.94606
0.78500         1.0000         -0.94979
0.78700         1.0000         -0.95274
0.78900         1.0000         -0.95491
0.79100         1.0000         -0.95631
0.79300         1.0000         -0.95693
0.79500         1.0000         -0.95677
0.79700         1.0000         -0.95584
0.79900         1.0000         -0.95413
0.80100         1.0000         -0.95235
0.80300         1.0000         -0.95105
0.80500         1.0000         -0.94969
0.80700         1.0000         -0.94827
0.80900         1.0000         -0.94680
0.81100         1.0000         -0.94527
0.81300         1.0000         -0.94368
0.81500         1.0000         -0.94204
0.81700         1.0000         -0.94034
0.81900         1.0000         -0.93858
0.82100         1.0000         -0.93682
0.82300         1.0000         -0.93510
0.82500         1.0000         -0.93339
0.82700         1.0000         -0.93167
0.82900         1.0000         -0.92996
0.83100         1.0000         -0.92826
0.83300         1.0000         -0.92655
0.83500         1.0000         -0.92485
0.83700         1.0000         -0.92315
0.83900         1.0000         -0.92146
0.84100         1.0000         -0.91977
0.84300         1.0000         -0.91811
0.84500         1.0000         -0.91646
0.84700         1.0000         -0.91482
0.84900         1.0000         -0.91320
0.85100         1.0000         -0.91159
0.85300         1.0000         -0.91000
0.85500         1.0000         -0.90842
0.85700         1.0000         -0.90685
0.85900         1.0000         -0.90530
0.86100         1.0000         -0.90376
0.86300         1.0000         -0.90224
0.86500         1.0000         -0.90074
0.86700         1.0000         -0.89925
0.86900         1.0000         -0.89778
0.87100         1.0000         -0.89632
0.87300         1.0000         -0.89488
0.87500         1.0000         -0.89345
0.87700         1.0000         -0.89204
0.87900         1.0000         -0.89064
0.88100         1.0000         -0.88926
0.88300         1.0000         -0.88790
0.88500         1.0000         -0.88655
0.88700         1.0000         -0.88522
0.88900         1.0000         -0.88391
0.89100         1.0000         -0.88262
0.89300         1.0000         -0.88135
0.89500         1.0000         -0.88010
0.89700         1.0000         -0.87886
0.89900         1.0000         -0.87764
0.90100         1.0000         -0.87644
0.90300         1.0000         -0.87526
0.90500         1.0000         -0.87411
0.90700         1.0000         -0.87298
0.90900         1.0000         -0.87186
0.91100         1.0000         -0.87078
0.91300         1.0000         -0.86971
0.91500         1.0000         -0.86867
0.91700         1.0000         -0.86765
0.91900         1.0000         -0.86665
0.92100         1.0000         -0.86568
0.92300         1.0000         -0.86473
0.92500         1.0000         -0.86381
0.92700         1.0000         -0.86291
0.92900         1.0000         -0.86203
0.93100         1.0000         -0.86119
0.93300         1.0000         -0.86036
0.93500         1.0000         -0.85957
0.93700         1.0000         -0.85879
0.93900         1.0000         -0.85804
0.94100         1.0000         -0.85732
0.94300         1.0000         -0.85662
0.94500         1.0000         -0.85595
0.94700         1.0000         -0.85530
0.94900         1.0000         -0.85468
0.95100         1.0000         -0.85408
0.95300         1.0000         -0.85351
0.95500         1.0000         -0.85296
0.95700         1.0000         -0.85243
0.95900         1.0000         -0.85194
0.96100         1.0000         -0.85146
0.96300         1.0000         -0.85101
0.96500         1.0000         -0.85059
0.96700         1.0000         -0.85018
0.96900         1.0000         -0.84981
0.97100         1.0000         -0.84945
0.97300         1.0000         -0.84912
0.97500         1.0000         -0.84882
0.97700         1.0000         -0.84853
0.97900         1.0000         -0.84828
0.98100         1.0000         -0.84804
0.98300         1.0000         -0.84783
0.98500         1.0000         -0.84765
0.98700         1.0000         -0.84748
0.98900         1.0000         -0.84734
0.99100         1.0000         -0.84723
0.99300         1.0000         -0.84713
0.99500         1.0000         -0.84706
0.99700         1.0000         -0.84702
0.99900         1.0000         -0.84699
