-0.99900        0.0000         -0.99799
-0.99700        0.0000         -0.99396
-0.99500        0.0000         -0.98990
-0.99300        0.0000         -0.98581
-0.99100        0.0000         -0.98169
-0.98900        0.0000         -0.97754
-0.98700        0.0000         -0.97336
-0.98500        0.0000         -0.96915
-0.98300        0.0000         -0.96492
-0.98100        0.0000         -0.96065
-0.97900        0.0000         -0.95636
-0.97700        0.0000         -0.95204
-0.97500        0.0000         -0.94769
-0.97300        0.0000         -0.94332
-0.97100        0.0000         -0.93893
-0.96900        0.0000         -0.93451
-0.96700        0.0000         -0.93007
-0.96500        0.0000         -0.92561
-0.96300        0.0000         -0.92112
-0.96100        0.0000         -0.91660
-0.95900        0.0000         -0.91206
-0.95700        0.0000         -0.90750
-0.95500        0.0000         -0.90292
-0.95300        0.0000         -0.89833
-0.95100        0.0000         -0.89371
-0.94900        0.0000         -0.88907
-0.94700        0.0000         -0.88441
-0.94500        0.0000         -0.87973
-0.94300        0.0000         -0.87504
-0.94100        0.0000         -0.87032
-0.93900        0.0000         -0.86558
-0.93700        0.0000         -0.86083
-0.93500        0.0000         -0.85606
-0.93300        0.0000         -0.85128
-0.93100        0.0000         -0.84648
-0.92900        0.0000         -0.84166
-0.92700        0.0000         -0.83683
-0.92500        0.0000         -0.83199
-0.92300        0.0000         -0.82713
-0.92100        0.0000         -0.82225
-0.91900        0.0000         -0.81736
-0.91700        0.0000         -0.81246
-0.91500        0.0000         -0.80755
-0.91300        0.0000         -0.80263
-0.91100        0.0000         -0.79769
-0.90900        0.0000         -0.79275
-0.90700        0.0000         -0.78779
-0.90500        0.0000         -0.78282
-0.90300        0.0000         -0.77785
-0.90100        0.0000         -0.77286
-0.89900        0.0000         -0.76786
-0.89700        0.0000         -0.76285
-0.89500        0.0000         -0.75784
-0.89300        0.0000         -0.75282
-0.89100        0.0000         -0.74779
-0.88900        0.0000         -0.74276
-0.88700        0.0000         -0.73772
-0.88500        0.0000         -0.73267
-0.88300        0.0000         -0.72762
-0.88100        0.0000         -0.72256
-0.87900        0.0000         -0.71749
-0.87700        0.0000         -0.71242
-0.87500        0.0000         -0.70735
-0.87300        0.0000         -0.70227
-0.87100        0.0000         -0.69719
-0.86900        0.0000         -0.69211
-0.86700        0.0000         -0.68703
-0.86500        0.0000         -0.68194
-0.86300        0.0000         -0.67685
-0.86100        0.0000         -0.67176
-0.85900        0.0000         -0.66667
-0.85700        0.0000         -0.66157
-0.85500        0.0000         -0.65648
-0.85300        0.0000         -0.65139
-0.85100        0.0000         -0.64630
-0.84900        0.0000         -0.64121
-0.84700        0.0000         -0.63612
-0.84500        0.0000         -0.63104
-0.84300        0.0000         -0.62595
-0.84100        0.0000         -0.62087
-0.83900        0.0000         -0.61578
-0.83700        0.0000         -0.61071
-0.83500        0.0000         -0.60563
-0.83300        0.0000         -0.60056
-0.83100        0.0000         -0.59550
-0.82900        0.0000         -0.59044
-0.82700        0.0000         -0.58538
-0.82500        0.0000         -0.58033
-0.82300        0.0000         -0.57529
-0.82100        0.0000         -0.57025
-0.81900        0.0000         -0.56521
-0.81700        0.0000         -0.56019
-0.81500        0.0000         -0.55517
-0.81300        0.0000         -0.55015
-0.81100        0.0000         -0.54515
-0.80900        0.0000         -0.54015
-0.80700        0.0000         -0.53517
-0.80500        0.0000         -0.53019
-0.80300        0.0000         -0.52522
-0.80100        0.0000         -0.52025
-0.79900        0.0000         -0.51530
-0.79700        0.0000         -0.51035
-0.79500        0.0000         -0.50542
-0.79300        0.0000         -0.50050
-0.79100        0.0000         -0.49559
-0.78900        0.0000         -0.49069
-0.78700        0.0000         -0.48580
-0.78500        0.0000         -0.48093
-0.78300        0.0000         -0.47606
-0.78100        0.0000         -0.47121
-0.77900        0.0000         -0.46636
-0.77700        0.0000         -0.46154
-0.77500        0.0000         -0.45672
-0.77300        0.0000         -0.45192
-0.77100        0.0000         -0.44713
-0.76900        0.0000         -0.44236
-0.76700        0.0000         -0.43760
-0.76500        0.0000         -0.43286
-0.76300        0.0000         -0.42813
-0.76100        0.0000         -0.42341
-0.75900        0.0000         -0.41871
-0.75700        0.0000         -0.41402
-0.75500        0.0000         -0.40935
-0.75300        0.0000         -0.40470
-0.75100        0.0000         -0.40006
-0.74900        0.0000         -0.39544
-0.74700        0.0000         -0.39084
-0.74500        0.0000         -0.38625
-0.74300        0.0000         -0.38168
-0.74100        0.0000         -0.37713
-0.73900        0.0000         -0.37260
-0.73700        0.0000         -0.36808
-0.73500        0.0000         -0.36358
-0.73300        0.0000         -0.35910
-0.73100        0.0000         -0.35464
-0.72900        0.0000         -0.35020
-0.72700        0.0000         -0.34577
-0.72500        0.0000         -0.34137
-0.72300        0.0000         -0.33699
-0.72100        0.0000         -0.33262
-0.71900        0.0000         -0.32827
-0.71700        0.0000         -0.32395
-0.71500        0.0000         -0.31964
-0.71300        0.0000         -0.31536
-0.71100        0.0000         -0.31109
-0.70900        0.0000         -0.30685
-0.70700        0.0000         -0.30263
-0.70500        0.0000         -0.29843
-0.70300        0.0000         -0.29425
-0.70100        0.0000         -0.29009
-0.69900        0.0000         -0.28595
-0.69700        0.0000         -0.28184
-0.69500        0.0000         -0.27774
-0.69300        0.0000         -0.27367
-0.69100        0.0000         -0.26963
-0.68900        0.0000         -0.26560
-0.68700        0.0000         -0.26160
-0.68500        0.0000         -0.25762
-0.68300        0.0000         -0.25366
-0.68100        0.0000         -0.24973
-0.67900        0.0000         -0.24582
-0.67700        0.0000         -0.24193
-0.67500        0.0000         -0.23806
-0.67300        0.0000         -0.23423
-0.67100        0.0000         -0.23041
-0.66900        0.0000         -0.22662
-0.66700        0.0000         -0.22285
-0.66500        0.0000         -0.21911
-0.66300        0.0000         -0.21539
-0.66100        0.0000         -0.21169
-0.65900        0.0000         -0.20802
-0.65700        0.0000         -0.20438
-0.65500        0.0000         -0.20075
-0.65300        0.0000         -0.19716
-0.65100        0.0000         -0.19359
-0.64900        0.0000         -0.19004
-0.64700        0.0000         -0.18652
-0.64500        0.0000         -0.18303
-0.64300        0.0000         -0.17956
-0.64100        0.0000         -0.17611
-0.63900        0.0000         -0.17269
-0.63700        0.0000         -0.16930
-0.63500        0.0000         -0.16593
-0.63300        0.0000         -0.16259
-0.63100        0.0000         -0.15928
-0.62900        0.0000         -0.15599
-0.62700        0.0000         -0.15272
-0.62500        0.0000         -0.14949
-0.62300        0.0000         -0.14628
-0.62100        0.0000         -0.14309
-0.61900        0.0000         -0.13993
-0.61700        0.0000         -0.13680
-0.61500        0.0000         -0.13369
-0.61300        0.0000         -0.13061
-0.61100        0.0000         -0.12756
-0.60900        0.0000         -0.12454
-0.60700        0.0000         -0.12154
-0.60500        0.0000         -0.11856
-0.60300        0.0000         -0.11562
-0.60100        0.0000         -0.11270
-0.59900        0.0000         -0.10980
-0.59700        0.0000         -0.10694
-0.59500        0.0000         -0.10410
-0.59300        0.0000         -0.10129
-0.59100        0.0000         -0.098500
-0.58900        0.0000         -0.095742
-0.58700        0.0000         -0.093010
-0.58500        0.0000         -0.090305
-0.58300        0.0000         -0.087627
-0.58100        0.0000         -0.084976
-0.57900        0.0000         -0.082351
-0.57700        0.0000         -0.079754
-0.57500        0.0000         -0.077184
-0.57300        0.0000         -0.074640
-0.57100        0.0000         -0.072124
-0.56900        0.0000         -0.069634
-0.56700        0.0000         -0.067171
-0.56500        0.0000         -0.064735
-0.56300        0.0000         -0.062326
-0.56100        0.0000         -0.059944
-0.55900        0.0000         -0.057589
-0.55700        0.0000         -0.055261
-0.55500        0.0000         -0.052959
-0.55300        0.0000         -0.050684
-0.55100        0.0000         -0.048436
-0.54900        0.0000         -0.046214
-0.54700        0.0000         -0.044020
-0.54500        0.0000         -0.041851
-0.54300        0.0000         -0.039710
-0.54100        0.0000         -0.037595
-0.53900        0.0000         -0.035507
-0.53700        0.0000         -0.033445
-0.53500        0.0000         -0.031409
-0.53300        0.0000         -0.029400
-0.53100        0.0000         -0.027417
-0.52900        0.0000         -0.025460
-0.52700        0.0000         -0.023529
-0.52500        0.0000         -0.021625
-0.52300        0.0000         -0.019747
-0.52100        0.0000         -0.017895
-0.51900        0.0000         -0.016069
-0.51700        0.0000         -0.014269
-0.51500        0.0000         -0.012495
-0.51300        0.0000         -0.010746
-0.51100        0.0000         -0.0090222
-0.50900        0.0000         -0.0073243
-0.50700        0.0000         -0.0056520
-0.50500        0.0000         -0.0040052
-0.50300        0.0000         -0.0023839
-0.50100        0.0000         -7.8826E-4
-0.49900        0.0000         7.8192E-4
-0.49700        0.0000         0.0023273
-0.49500        0.0000         0.0038480
-0.49300        0.0000         0.0053440
-0.49100        0.0000         0.0068154
-0.48900        0.0000         0.0082621
-0.48700        0.0000         0.0096841
-0.48500        0.0000         0.011082
-0.48300        0.0000         0.012454
-0.48100        0.0000         0.013802
-0.47900        0.0000         0.015126
-0.47700        0.0000         0.016425
-0.47500        0.0000         0.017702
-0.47300        0.0000         0.018954
-0.47100        0.0000         0.020183
-0.46900        0.0000         0.021388
-0.46700        0.0000         0.022570
-0.46500        0.0000         0.023728
-0.46300        0.0000         0.024863
-0.46100        0.0000         0.025974
-0.45900        0.0000         0.027062
-0.45700        0.0000         0.028127
-0.45500        0.0000         0.029169
-0.45300        0.0000         0.030190
-0.45100        0.0000         0.031188
-0.44900        0.0000         0.032163
-0.44700        0.0000         0.033117
-0.44500        0.0000         0.034048
-0.44300        0.0000         0.034956
-0.44100        0.0000         0.035843
-0.43900        0.0000         0.036707
-0.43700        0.0000         0.037550
-0.43500        0.0000         0.038372
-0.43300        0.0000         0.039173
-0.43100        0.0000         0.039953
-0.42900        0.0000         0.040712
-0.42700        0.0000         0.041450
-0.42500        0.0000         0.042168
-0.42300        0.0000         0.042864
-0.42100        0.0000         0.043539
-0.41900        0.0000         0.044194
-0.41700        0.0000         0.044829
-0.41500        0.0000         0.045445
-0.41300        0.0000         0.046041
-0.41100        0.0000         0.046618
-0.40900        0.0000         0.047175
-0.40700        0.0000         0.047713
-0.40500        0.0000         0.048232
-0.40300        0.0000         0.048731
-0.40100        0.0000         0.049211
-0.39900        0.0000         0.049671
-0.39700        0.0000         0.050114
-0.39500        0.0000         0.050538
-0.39300        0.0000         0.050945
-0.39100        0.0000         0.051335
-0.38900        0.0000         0.051706
-0.38700        0.0000         0.052060
-0.38500        0.0000         0.052396
-0.38300        0.0000         0.052714
-0.38100        0.0000         0.053014
-0.37900        0.0000         0.053297
-0.37700        0.0000         0.053564
-0.37500        0.0000         0.053814
-0.37300        0.0000         0.054048
-0.37100        0.0000         0.054267
-0.36900        0.0000         0.054469
-0.36700        0.0000         0.054656
-0.36500        0.0000         0.054826
-0.36300        0.0000         0.054980
-0.36100        0.0000         0.055118
-0.35900        0.0000         0.055241
-0.35700        0.0000         0.055349
-0.35500        0.0000         0.055442
-0.35300        0.0000         0.055522
-0.35100        0.0000         0.055587
-0.34900        0.0000         0.055638
-0.34700        0.0000         0.055675
-0.34500        0.0000         0.055697
-0.34300        0.0000         0.055706
-0.34100        0.0000         0.055700
-0.33900        0.0000         0.055680
-0.33700        0.0000         0.055647
-0.33500        0.0000         0.055602
-0.33300        0.0000         0.055545
-0.33100        0.0000         0.055475
-0.32900        0.0000         0.055393
-0.32700        0.0000         0.055298
-0.32500        0.0000         0.055191
-0.32300        0.0000         0.055072
-0.32100        0.0000         0.054940
-0.31900        0.0000         0.054796
-0.31700        0.0000         0.054641
-0.31500        0.0000         0.054476
-0.31300        0.0000         0.054300
-0.31100        0.0000         0.054114
-0.30900        0.0000         0.053917
-0.30700        0.0000         0.053710
-0.30500        0.0000         0.053492
-0.30300        0.0000         0.053263
-0.30100        0.0000         0.053025
-0.29900        0.0000         0.052775
-0.29700        0.0000         0.052517
-0.29500        0.0000         0.052251
-0.29300        0.0000         0.051975
-0.29100        0.0000         0.051691
-0.28900        0.0000         0.051399
-0.28700        0.0000         0.051097
-0.28500        0.0000         0.050787
-0.28300        0.0000         0.050469
-0.28100        0.0000         0.050141
-0.27900        0.0000         0.049806
-0.27700        0.0000         0.049463
-0.27500        0.0000         0.049114
-0.27300        0.0000         0.048757
-0.27100        0.0000         0.048394
-0.26900        0.0000         0.048024
-0.26700        0.0000         0.047648
-0.26500        0.0000         0.047264
-0.26300        0.0000         0.046874
-0.26100        0.0000         0.046477
-0.25900        0.0000         0.046073
-0.25700        0.0000         0.045665
-0.25500        0.0000         0.045251
-0.25300        0.0000         0.044832
-0.25100        0.0000         0.044408
-0.24900        0.0000         0.043980
-0.24700        0.0000         0.043546
-0.24500        0.0000         0.043107
-0.24300        0.0000         0.042664
-0.24100        0.0000         0.042215
-0.23900        0.0000         0.041762
-0.23700        0.0000         0.041305
-0.23500        0.0000         0.040845
-0.23300        0.0000         0.040382
-0.23100        0.0000         0.039916
-0.22900        0.0000         0.039446
-0.22700        0.0000         0.038973
-0.22500        0.0000         0.038497
-0.22300        0.0000         0.038018
-0.22100        0.0000         0.037536
-0.21900        0.0000         0.037050
-0.21700        0.0000         0.036563
-0.21500        0.0000         0.036074
-0.21300        0.0000         0.035584
-0.21100        0.0000         0.035093
-0.20900        0.0000         0.034599
-0.20700        0.0000         0.034105
-0.20500        0.0000         0.033608
-0.20300        0.0000         0.033111
-0.20100        0.0000         0.032611
-0.19900        0.0000         0.032111
-0.19700        0.0000         0.031610
-0.19500        0.0000         0.031109
-0.19300        0.0000         0.030609
-0.19100        0.0000         0.030108
-0.18900        0.0000         0.029608
-0.18700        0.0000         0.029107
-0.18500        0.0000         0.028607
-0.18300        0.0000         0.028107
-0.18100        0.0000         0.027607
-0.17900        0.0000         0.027107
-0.17700        0.0000         0.026608
-0.17500        0.0000         0.026111
-0.17300        0.0000         0.025616
-0.17100        0.0000         0.025122
-0.16900        0.0000         0.024630
-0.16700        0.0000         0.024139
-0.16500        0.0000         0.023650
-0.16300        0.0000         0.023162
-0.16100        0.0000         0.022676
-0.15900        0.0000         0.022192
-0.15700        0.0000         0.021710
-0.15500        0.0000         0.021232
-0.15300        0.0000         0.020756
-0.15100        0.0000         0.020283
-0.14900        0.0000         0.019813
-0.14700        0.0000         0.019346
-0.14500        0.0000         0.018882
-0.14300        0.0000         0.018421
-0.14100        0.0000         0.017963
-0.13900        0.0000         0.017508
-0.13700        0.0000         0.017057
-0.13500        0.0000         0.016610
-0.13300        0.0000         0.016167
-0.13100        0.0000         0.015728
-0.12900        0.0000         0.015293
-0.12700        0.0000         0.014863
-0.12500        0.0000         0.014437
-0.12300        0.0000         0.014014
-0.12100        0.0000         0.013596
-0.11900        0.0000         0.013183
-0.11700        0.0000         0.012774
-0.11500        0.0000         0.012371
-0.11300        0.0000         0.011972
-0.11100        0.0000         0.011579
-0.10900        0.0000         0.011192
-0.10700        0.0000         0.010809
-0.10500        0.0000         0.010431
-0.10300        0.0000         0.010059
-0.10100        0.0000         0.0096922
-0.099000       0.0000         0.0093306
-0.097000       0.0000         0.0089750
-0.095000       0.0000         0.0086255
-0.093000       0.0000         0.0082821
-0.091000       0.0000         0.0079448
-0.089000       0.0000         0.0076136
-0.087000       0.0000         0.0072886
-0.085000       0.0000         0.0069696
-0.083000       0.0000         0.0066568
-0.081000       0.0000         0.0063501
-0.079000       0.0000         0.0060496
-0.077000       0.0000         0.0057559
-0.075000       0.0000         0.0054691
-0.073000       0.0000         0.0051892
-0.071000       0.0000         0.0049160
-0.069000       0.0000         0.0046498
-0.067000       0.0000         0.0043903
-0.065000       0.0000         0.0041378
-0.063000       0.0000         0.0038920
-0.061000       0.0000         0.0036531
-0.059000       0.0000         0.0034212
-0.057000       0.0000         0.0031967
-0.055000       0.0000         0.0029796
-0.053000       0.0000         0.0027699
-0.051000       0.0000         0.0025676
-0.049000       0.0000         0.0023727
-0.047000       0.0000         0.0021852
-0.045000       0.0000         0.0020052
-0.043000       0.0000         0.0018325
-0.041000       0.0000         0.0016673
-0.039000       0.0000         0.0015095
-0.037000       0.0000         0.0013596
-0.035000       0.0000         0.0012174
-0.033000       0.0000         0.0010830
-0.031000       0.0000         9.5640E-4
-0.029000       0.0000         8.3758E-4
-0.027000       0.0000         7.2654E-4
-0.025000       0.0000         6.2329E-4
-0.023000       0.0000         5.2782E-4
-0.021000       0.0000         4.4014E-4
-0.019000       0.0000         3.6032E-4
-0.017000       0.0000         2.8851E-4
-0.015000       0.0000         2.2467E-4
-0.013000       0.0000         1.6880E-4
-0.011000       0.0000         1.2091E-4
-0.0090000      0.0000         8.0988E-5
-0.0070000      0.0000         4.9039E-5
-0.0050000      0.0000         2.5062E-5
-0.0030000      0.0000         9.0582E-6
-0.0010000      0.0000         1.0266E-6
0.0010000       0.0000         1.0266E-6
0.0030000       0.0000         9.0582E-6
0.0050000       0.0000         2.5062E-5
0.0070000       0.0000         4.9039E-5
0.0090000       0.0000         8.0988E-5
0.011000        0.0000         1.2091E-4
0.013000        0.0000         1.6880E-4
0.015000        0.0000         2.2467E-4
0.017000        0.0000         2.8851E-4
0.019000        0.0000         3.6032E-4
0.021000        0.0000         4.4014E-4
0.023000        0.0000         5.2782E-4
0.025000        0.0000         6.2329E-4
0.027000        0.0000         7.2654E-4
0.029000        0.0000         8.3758E-4
0.031000        0.0000         9.5640E-4
0.033000        0.0000         0.0010830
0.035000        0.0000         0.0012174
0.037000        0.0000         0.0013596
0.039000        0.0000         0.0015095
0.041000        0.0000         0.0016673
0.043000        0.0000         0.0018325
0.045000        0.0000         0.0020052
0.047000        0.0000         0.0021852
0.049000        0.0000         0.0023727
0.051000        0.0000         0.0025676
0.053000        0.0000         0.0027699
0.055000        0.0000         0.0029796
0.057000        0.0000         0.0031967
0.059000        0.0000         0.0034212
0.061000        0.0000         0.0036531
0.063000        0.0000         0.0038920
0.065000        0.0000         0.0041378
0.067000        0.0000         0.0043903
0.069000        0.0000         0.0046498
0.071000        0.0000         0.0049160
0.073000        0.0000         0.0051892
0.075000        0.0000         0.0054691
0.077000        0.0000         0.0057559
0.079000        0.0000         0.0060496
0.081000        0.0000         0.0063501
0.083000        0.0000         0.0066568
0.085000        0.0000         0.0069696
0.087000        0.0000         0.0072886
0.089000        0.0000         0.0076136
0.091000        0.0000         0.0079448
0.093000        0.0000         0.0082821
0.095000        0.0000         0.0086255
0.097000        0.0000         0.0089750
0.099000        0.0000         0.0093306
0.10100         0.0000         0.0096922
0.10300         0.0000         0.010059
0.10500         0.0000         0.010431
0.10700         0.0000         0.010809
0.10900         0.0000         0.011192
0.11100         0.0000         0.011579
0.11300         0.0000         0.011972
0.11500         0.0000         0.012371
0.11700         0.0000         0.012774
0.11900         0.0000         0.013183
0.12100         0.0000         0.013596
0.12300         0.0000         0.014014
0.12500         0.0000         0.014437
0.12700         0.0000         0.014863
0.12900         0.0000         0.015293
0.13100         0.0000         0.015728
0.13300         0.0000         0.016167
0.13500         0.0000         0.016610
0.13700         0.0000         0.017057
0.13900         0.0000         0.017508
0.14100         0.0000         0.017963
0.14300         0.0000         0.018421
0.14500         0.0000         0.018882
0.14700         0.0000         0.019346
0.14900         0.0000         0.019813
0.15100         0.0000         0.020283
0.15300         0.0000         0.020756
0.15500         0.0000         0.021232
0.15700         0.0000         0.021710
0.15900         0.0000         0.022192
0.16100         0.0000         0.022676
0.16300         0.0000         0.023162
0.16500         0.0000         0.023650
0.16700         0.0000         0.024139
0.16900         0.0000         0.024630
0.17100         0.0000         0.025122
0.17300         0.0000         0.025616
0.17500         0.0000         0.026111
0.17700         0.0000         0.026608
0.17900         0.0000         0.027107
0.18100         0.0000         0.027607
0.18300         0.0000         0.028107
0.18500         0.0000         0.028607
0.18700         0.0000         0.029107
0.18900         0.0000         0.029608
0.19100         0.0000         0.030108
0.19300         0.0000         0.030609
0.19500         0.0000         0.031109
0.19700         0.0000         0.031610
0.19900         0.0000         0.032111
0.20100         0.0000         0.032611
0.20300         0.0000         0.033111
0.20500         0.0000         0.033608
0.20700         0.0000         0.034105
0.20900         0.0000         0.034599
0.21100         0.0000         0.035093
0.21300         0.0000         0.035584
0.21500         0.0000         0.036074
0.21700         0.0000         0.036563
0.21900         0.0000         0.037050
0.22100         0.0000         0.037536
0.22300         0.0000         0.038018
0.22500         0.0000         0.038497
0.22700         0.0000         0.038973
0.22900         0.0000         0.039446
0.23100         0.0000         0.039916
0.23300         0.0000         0.040382
0.23500         0.0000         0.040845
0.23700         0.0000         0.041305
0.23900         0.0000         0.041762
0.24100         0.0000         0.042215
0.24300         0.0000         0.042664
0.24500         0.0000         0.043107
0.24700         0.0000         0.043546
0.24900         0.0000         0.043980
0.25100         0.0000         0.044408
0.25300         0.0000         0.044832
0.25500         0.0000         0.045251
0.25700         0.0000         0.045665
0.25900         0.0000         0.046073
0.26100         0.0000         0.046477
0.26300         0.0000         0.046874
0.26500         0.0000         0.047264
0.26700         0.0000         0.047648
0.26900         0.0000         0.048024
0.27100         0.0000         0.048394
0.27300         0.0000         0.048757
0.27500         0.0000         0.049114
0.27700         0.0000         0.049463
0.27900         0.0000         0.049806
0.28100         0.0000         0.050141
0.28300         0.0000         0.050469
0.28500         0.0000         0.050787
0.28700         0.0000         0.051097
0.28900         0.0000         0.051399
0.29100         0.0000         0.051691
0.29300         0.0000         0.051975
0.29500         0.0000         0.052251
0.29700         0.0000         0.052517
0.29900         0.0000         0.052775
0.30100         0.0000         0.053025
0.30300         0.0000         0.053263
0.30500         0.0000         0.053492
0.30700         0.0000         0.053710
0.30900         0.0000         0.053917
0.31100         0.0000         0.054114
0.31300         0.0000         0.054300
0.31500         0.0000         0.054476
0.31700         0.0000         0.054641
0.31900         0.0000         0.054796
0.32100         0.0000         0.054940
0.32300         0.0000         0.055072
0.32500         0.0000         0.055191
0.32700         0.0000         0.055298
0.32900         0.0000         0.055393
0.33100         0.0000         0.055475
0.33300         0.0000         0.055545
0.33500         0.0000         0.055602
0.33700         0.0000         0.055647
0.33900         0.0000         0.055680
0.34100         0.0000         0.055700
0.34300         0.0000         0.055706
0.34500         0.0000         0.055697
0.34700         0.0000         0.055675
0.34900         0.0000         0.055638
0.35100         0.0000         0.055587
0.35300         0.0000         0.055522
0.35500         0.0000         0.055442
0.35700         0.0000         0.055349
0.35900         0.0000         0.055241
0.36100         0.0000         0.055118
0.36300         0.0000         0.054980
0.36500         0.0000         0.054826
0.36700         0.0000         0.054656
0.36900         0.0000         0.054469
0.37100         0.0000         0.054267
0.37300         0.0000         0.054048
0.37500         0.0000         0.053814
0.37700         0.0000         0.053564
0.37900         0.0000         0.053297
0.38100         0.0000         0.053014
0.38300         0.0000         0.052714
0.38500         0.0000         0.052396
0.38700         0.0000         0.052060
0.38900         0.0000         0.051706
0.39100         0.0000         0.051335
0.39300         0.0000         0.050945
0.39500         0.0000         0.050538
0.39700         0.0000         0.050114
0.39900         0.0000         0.049671
0.40100         0.0000         0.049211
0.40300         0.0000         0.048731
0.40500         0.0000         0.048232
0.40700         0.0000         0.047713
0.40900         0.0000         0.047175
0.41100         0.0000         0.046618
0.41300         0.0000         0.046041
0.41500         0.0000         0.045445
0.41700         0.0000         0.044829
0.41900         0.0000         0.044194
0.42100         0.0000         0.043539
0.42300         0.0000         0.042864
0.42500         0.0000         0.042168
0.42700         0.0000         0.041450
0.42900         0.0000         0.040712
0.43100         0.0000         0.039953
0.43300         0.0000         0.039173
0.43500         0.0000         0.038372
0.43700         0.0000         0.037550
0.43900         0.0000         0.036707
0.44100         0.0000         0.035843
0.44300         0.0000         0.034956
0.44500         0.0000         0.034048
0.44700         0.0000         0.033117
0.44900         0.0000         0.032163
0.45100         0.0000         0.031188
0.45300         0.0000         0.030190
0.45500         0.0000         0.029169
0.45700         0.0000         0.028127
0.45900         0.0000         0.027062
0.46100         0.0000         0.025974
0.46300         0.0000         0.024863
0.46500         0.0000         0.023728
0.46700         0.0000         0.022570
0.46900         0.0000         0.021388
0.47100         0.0000         0.020183
0.47300         0.0000         0.018954
0.47500         0.0000         0.017702
0.47700         0.0000         0.016425
0.47900         0.0000         0.015126
0.48100         0.0000         0.013802
0.48300         0.0000         0.012454
0.48500         0.0000         0.011082
0.48700         0.0000         0.0096841
0.48900         0.0000         0.0082621
0.49100         0.0000         0.0068154
0.49300         0.0000         0.0053440
0.49500         0.0000         0.0038480
0.49700         0.0000         0.0023273
0.49900         0.0000         7.8192E-4
0.50100         0.0000         -7.8826E-4
0.50300         0.0000         -0.0023839
0.50500         0.0000         -0.0040052
0.50700         0.0000         -0.0056520
0.50900         0.0000         -0.0073243
0.51100         0.0000         -0.0090222
0.51300         0.0000         -0.010746
0.51500         0.0000         -0.012495
0.51700         0.0000         -0.014269
0.51900         0.0000         -0.016069
0.52100         0.0000         -0.017895
0.52300         0.0000         -0.019747
0.52500         0.0000         -0.021625
0.52700         0.0000         -0.023529
0.52900         0.0000         -0.025460
0.53100         0.0000         -0.027417
0.53300         0.0000         -0.029400
0.53500         0.0000         -0.031409
0.53700         0.0000         -0.033445
0.53900         0.0000         -0.035507
0.54100         0.0000         -0.037595
0.54300         0.0000         -0.039710
0.54500         0.0000         -0.041851
0.54700         0.0000         -0.044020
0.54900         0.0000         -0.046214
0.55100         0.0000         -0.048436
0.55300         0.0000         -0.050684
0.55500         0.0000         -0.052959
0.55700         0.0000         -0.055261
0.55900         0.0000         -0.057589
0.56100         0.0000         -0.059944
0.56300         0.0000         -0.062326
0.56500         0.0000         -0.064735
0.56700         0.0000         -0.067171
0.56900         0.0000         -0.069634
0.57100         0.0000         -0.072124
0.57300         0.0000         -0.074640
0.57500         0.0000         -0.077184
0.57700         0.0000         -0.079754
0.57900         0.0000         -0.082351
0.58100         0.0000         -0.084976
0.58300         0.0000         -0.087627
0.58500         0.0000         -0.090305
0.58700         0.0000         -0.093010
0.58900         0.0000         -0.095742
0.59100         0.0000         -0.098500
0.59300         0.0000         -0.10129
0.59500         0.0000         -0.10410
0.59700         0.0000         -0.10694
0.59900         0.0000         -0.10980
0.60100         0.0000         -0.11270
0.60300         0.0000         -0.11562
0.60500         0.0000         -0.11856
0.60700         0.0000         -0.12154
0.60900         0.0000         -0.12454
0.61100         0.0000         -0.12756
0.61300         0.0000         -0.13061
0.61500         0.0000         -0.13369
0.61700         0.0000         -0.13680
0.61900         0.0000         -0.13993
0.62100         0.0000         -0.14309
0.62300         0.0000         -0.14628
0.62500         0.0000         -0.14949
0.62700         0.0000         -0.15272
0.62900         0.0000         -0.15599
0.63100         0.0000         -0.15928
0.63300         0.0000         -0.16259
0.63500         0.0000         -0.16593
0.63700         0.0000         -0.16930
0.63900         0.0000         -0.17269
0.64100         0.0000         -0.17611
0.64300         0.0000         -0.17956
0.64500         0.0000         -0.18303
0.64700         0.0000         -0.18652
0.64900         0.0000         -0.19004
0.65100         0.0000         -0.19359
0.65300         0.0000         -0.19716
0.65500         0.0000         -0.20075
0.65700         0.0000         -0.20438
0.65900         0.0000         -0.20802
0.66100         0.0000         -0.21169
0.66300         0.0000         -0.21539
0.66500         0.0000         -0.21911
0.66700         0.0000         -0.22285
0.66900         0.0000         -0.22662
0.67100         0.0000         -0.23041
0.67300         0.0000         -0.23423
0.67500         0.0000         -0.23806
0.67700         0.0000         -0.24193
0.67900         0.0000         -0.24582
0.68100         0.0000         -0.24973
0.68300         0.0000         -0.25366
0.68500         0.0000         -0.25762
0.68700         0.0000         -0.26160
0.68900         0.0000         -0.26560
0.69100         0.0000         -0.26963
0.69300         0.0000         -0.27367
0.69500         0.0000         -0.27774
0.69700         0.0000         -0.28184
0.69900         0.0000         -0.28595
0.70100         0.0000         -0.29009
0.70300         0.0000         -0.29425
0.70500         0.0000         -0.29843
0.70700         0.0000         -0.30263
0.70900         0.0000         -0.30685
0.71100         0.0000         -0.31109
0.71300         0.0000         -0.31536
0.71500         0.0000         -0.31964
0.71700         0.0000         -0.32395
0.71900         0.0000         -0.32827
0.72100         0.0000         -0.33262
0.72300         0.0000         -0.33699
0.72500         0.0000         -0.34137
0.72700         0.0000         -0.34577
0.72900         0.0000         -0.35020
0.73100         0.0000         -0.35464
0.73300         0.0000         -0.35910
0.73500         0.0000         -0.36358
0.73700         0.0000         -0.36808
0.73900         0.0000         -0.37260
0.74100         0.0000         -0.37713
0.74300         0.0000         -0.38168
0.74500         0.0000         -0.38625
0.74700         0.0000         -0.39084
0.74900         0.0000         -0.39544
0.75100         0.0000         -0.40006
0.75300         0.0000         -0.40470
0.75500         0.0000         -0.40935
0.75700         0.0000         -0.41402
0.75900         0.0000         -0.41871
0.76100         0.0000         -0.42341
0.76300         0.0000         -0.42813
0.76500         0.0000         -0.43286
0.76700         0.0000         -0.43760
0.76900         0.0000         -0.44236
0.77100         0.0000         -0.44713
0.77300         0.0000         -0.45192
0.77500         0.0000         -0.45672
0.77700         0.0000         -0.46154
0.77900         0.0000         -0.46636
0.78100         0.0000         -0.47121
0.78300         0.0000         -0.47606
0.78500         0.0000         -0.48093
0.78700         0.0000         -0.48580
0.78900         0.0000         -0.49069
0.79100         0.0000         -0.49559
0.79300         0.0000         -0.50050
0.79500         0.0000         -0.50542
0.79700         0.0000         -0.51035
0.79900         0.0000         -0.51530
0.80100         0.0000         -0.52025
0.80300         0.0000         -0.52522
0.80500         0.0000         -0.53019
0.80700         0.0000         -0.53517
0.80900         0.0000         -0.54015
0.81100         0.0000         -0.54515
0.81300         0.0000         -0.55015
0.81500         0.0000         -0.55517
0.81700         0.0000         -0.56019
0.81900         0.0000         -0.56521
0.82100         0.0000         -0.57025
0.82300         0.0000         -0.57529
0.82500         0.0000         -0.58033
0.82700         0.0000         -0.58538
0.82900         0.0000         -0.59044
0.83100         0.0000         -0.59550
0.83300         0.0000         -0.60056
0.83500         0.0000         -0.60563
0.83700         0.0000         -0.61071
0.83900         0.0000         -0.61578
0.84100         0.0000         -0.62087
0.84300         0.0000         -0.62595
0.84500         0.0000         -0.63104
0.84700         0.0000         -0.63612
0.84900         0.0000         -0.64121
0.85100         0.0000         -0.64630
0.85300         0.0000         -0.65139
0.85500         0.0000         -0.65648
0.85700         0.0000         -0.66157
0.85900         0.0000         -0.66667
0.86100         0.0000         -0.67176
0.86300         0.0000         -0.67685
0.86500         0.0000         -0.68194
0.86700         0.0000         -0.68703
0.86900         0.0000         -0.69211
0.87100         0.0000         -0.69719
0.87300         0.0000         -0.70227
0.87500         0.0000         -0.70735
0.87700         0.0000         -0.71242
0.87900         0.0000         -0.71749
0.88100         0.0000         -0.72256
0.88300         0.0000         -0.72762
0.88500         0.0000         -0.73267
0.88700         0.0000         -0.73772
0.88900         0.0000         -0.74276
0.89100         0.0000         -0.74779
0.89300         0.0000         -0.75282
0.89500         0.0000         -0.75784
0.89700         0.0000         -0.76285
0.89900         0.0000         -0.76786
0.90100         0.0000         -0.77286
0.90300         0.0000         -0.77785
0.90500         0.0000         -0.78282
0.90700         0.0000         -0.78779
0.90900         0.0000         -0.79275
0.91100         0.0000         -0.79769
0.91300         0.0000         -0.80263
0.91500         0.0000         -0.80755
0.91700         0.0000         -0.81246
0.91900         0.0000         -0.81736
0.92100         0.0000         -0.82225
0.92300         0.0000         -0.82713
0.92500         0.0000         -0.83199
0.92700         0.0000         -0.83683
0.92900         0.0000         -0.84166
0.93100         0.0000         -0.84648
0.93300         0.0000         -0.85128
0.93500         0.0000         -0.85606
0.93700         0.0000         -0.86083
0.93900         0.0000         -0.86558
0.94100         0.0000         -0.87032
0.94300         0.0000         -0.87504
0.94500         0.0000         -0.87973
0.94700         0.0000         -0.88441
0.94900         0.0000         -0.88907
0.95100         0.0000         -0.89371
0.95300         0.0000         -0.89833
0.95500         0.0000         -0.90292
0.95700         0.0000         -0.90750
0.95900         0.0000         -0.91206
0.96100         0.0000         -0.91660
0.96300         0.0000         -0.92112
0.96500         0.0000         -0.92561
0.96700         0.0000         -0.93007
0.96900         0.0000         -0.93451
0.97100         0.0000         -0.93893
0.97300         0.0000         -0.94332
0.97500         0.0000         -0.94769
0.97700         0.0000         -0.95204
0.97900         0.0000         -0.95636
0.98100         0.0000         -0.96065
0.98300         0.0000         -0.96492
0.98500         0.0000         -0.96915
0.98700         0.0000         -0.97336
0.98900         0.0000         -0.97754
0.99100         0.0000         -0.98169
0.99300         0.0000         -0.98581
0.99500         0.0000         -0.98990
0.99700         0.0000         -0.99396
0.99900         0.0000         -0.99799
