-0.99900        0.75000        -0.99999
-0.99700        0.75000        -0.99999
-0.99500        0.75000        -0.99999
-0.99300        0.75000        -0.99999
-0.99100        0.75000        -0.99999
-0.98900        0.75000        -0.99998
-0.98700        0.75000        -0.99998
-0.98500        0.75000        -0.99998
-0.98300        0.75000        -0.99998
-0.98100        0.75000        -0.99998
-0.97900        0.75000        -0.99997
-0.97700        0.75000        -0.99997
-0.97500        0.75000        -0.99997
-0.97300        0.75000        -0.99997
-0.97100        0.75000        -0.99996
-0.96900        0.75000        -0.99996
-0.96700        0.75000        -0.99996
-0.96500        0.75000        -0.99995
-0.96300        0.75000        -0.99995
-0.96100        0.75000        -0.99995
-0.95900        0.75000        -0.99994
-0.95700        0.75000        -0.99994
-0.95500        0.75000        -0.99994
-0.95300        0.75000        -0.99993
-0.95100        0.75000        -0.99993
-0.94900        0.75000        -0.99993
-0.94700        0.75000        -0.99992
-0.94500        0.75000        -0.99992
-0.94300        0.75000        -0.99991
-0.94100        0.75000        -0.99991
-0.93900        0.75000        -0.99991
-0.93700        0.75000        -0.99990
-0.93500        0.75000        -0.99990
-0.93300        0.75000        -0.99989
-0.93100        0.75000        -0.99989
-0.92900        0.75000        -0.99988
-0.92700        0.75000        -0.99988
-0.92500        0.75000        -0.99987
-0.92300        0.75000        -0.99987
-0.92100        0.75000        -0.99987
-0.91900        0.75000        -0.99986
-0.91700        0.75000        -0.99985
-0.91500        0.75000        -0.99985
-0.91300        0.75000        -0.99984
-0.91100        0.75000        -0.99984
-0.90900        0.75000        -0.99983
-0.90700        0.75000        -0.99983
-0.90500        0.75000        -0.99982
-0.90300        0.75000        -0.99982
-0.90100        0.75000        -0.99981
-0.89900        0.75000        -0.99980
-0.89700        0.75000        -0.99980
-0.89500        0.75000        -0.99979
-0.89300        0.75000        -0.99978
-0.89100        0.75000        -0.99978
-0.88900        0.75000        -0.99977
-0.88700        0.75000        -0.99976
-0.88500        0.75000        -0.99976
-0.88300        0.75000        -0.99975
-0.88100        0.75000        -0.99974
-0.87900        0.75000        -0.99973
-0.87700        0.75000        -0.99972
-0.87500        0.75000        -0.99972
-0.87300        0.75000        -0.99971
-0.87100        0.75000        -0.99970
-0.86900        0.75000        -0.99969
-0.86700        0.75000        -0.99968
-0.86500        0.75000        -0.99967
-0.86300        0.75000        -0.99966
-0.86100        0.75000        -0.99966
-0.85900        0.75000        -0.99965
-0.85700        0.75000        -0.99964
-0.85500        0.75000        -0.99963
-0.85300        0.75000        -0.99962
-0.85100        0.75000        -0.99961
-0.84900        0.75000        -0.99959
-0.84700        0.75000        -0.99958
-0.84500        0.75000        -0.99957
-0.84300        0.75000        -0.99956
-0.84100        0.75000        -0.99955
-0.83900        0.75000        -0.99954
-0.83700        0.75000        -0.99952
-0.83500        0.75000        -0.99951
-0.83300        0.75000        -0.99950
-0.83100        0.75000        -0.99949
-0.82900        0.75000        -0.99947
-0.82700        0.75000        -0.99946
-0.82500        0.75000        -0.99944
-0.82300        0.75000        -0.99943
-0.82100        0.75000        -0.99941
-0.81900        0.75000        -0.99940
-0.81700        0.75000        -0.99938
-0.81500        0.75000        -0.99937
-0.81300        0.75000        -0.99935
-0.81100        0.75000        -0.99933
-0.80900        0.75000        -0.99932
-0.80700        0.75000        -0.99930
-0.80500        0.75000        -0.99928
-0.80300        0.75000        -0.99926
-0.80100        0.75000        -0.99924
-0.79900        0.75000        -0.99922
-0.79700        0.75000        -0.99920
-0.79500        0.75000        -0.99918
-0.79300        0.75000        -0.99916
-0.79100        0.75000        -0.99914
-0.78900        0.75000        -0.99912
-0.78700        0.75000        -0.99910
-0.78500        0.75000        -0.99907
-0.78300        0.75000        -0.99905
-0.78100        0.75000        -0.99902
-0.77900        0.75000        -0.99900
-0.77700        0.75000        -0.99897
-0.77500        0.75000        -0.99895
-0.77300        0.75000        -0.99892
-0.77100        0.75000        -0.99890
-0.76900        0.75000        -0.99887
-0.76700        0.75000        -0.99884
-0.76500        0.75000        -0.99881
-0.76300        0.75000        -0.99878
-0.76100        0.75000        -0.99875
-0.75900        0.75000        -0.99872
-0.75700        0.75000        -0.99869
-0.75500        0.75000        -0.99866
-0.75300        0.75000        -0.99863
-0.75100        0.75000        -0.99860
-0.74900        0.75000        -0.99857
-0.74700        0.75000        -0.99854
-0.74500        0.75000        -0.99850
-0.74300        0.75000        -0.99847
-0.74100        0.75000        -0.99844
-0.73900        0.75000        -0.99841
-0.73700        0.75000        -0.99837
-0.73500        0.75000        -0.99834
-0.73300        0.75000        -0.99831
-0.73100        0.75000        -0.99827
-0.72900        0.75000        -0.99824
-0.72700        0.75000        -0.99820
-0.72500        0.75000        -0.99817
-0.72300        0.75000        -0.99814
-0.72100        0.75000        -0.99810
-0.71900        0.75000        -0.99807
-0.71700        0.75000        -0.99804
-0.71500        0.75000        -0.99800
-0.71300        0.75000        -0.99796
-0.71100        0.75000        -0.99793
-0.70900        0.75000        -0.99789
-0.70700        0.75000        -0.99785
-0.70500        0.75000        -0.99780
-0.70300        0.75000        -0.99776
-0.70100        0.75000        -0.99772
-0.69900        0.75000        -0.99767
-0.69700        0.75000        -0.99762
-0.69500        0.75000        -0.99757
-0.69300        0.75000        -0.99750
-0.69100        0.75000        -0.99743
-0.68900        0.75000        -0.99736
-0.68700        0.75000        -0.99728
-0.68500        0.75000        -0.99719
-0.68300        0.75000        -0.99709
-0.68100        0.75000        -0.99699
-0.67900        0.75000        -0.99688
-0.67700        0.75000        -0.99675
-0.67500        0.75000        -0.99662
-0.67300        0.75000        -0.99646
-0.67100        0.75000        -0.99630
-0.66900        0.75000        -0.99612
-0.66700        0.75000        -0.99592
-0.66500        0.75000        -0.99571
-0.66300        0.75000        -0.99549
-0.66100        0.75000        -0.99525
-0.65900        0.75000        -0.99499
-0.65700        0.75000        -0.99471
-0.65500        0.75000        -0.99442
-0.65300        0.75000        -0.99411
-0.65100        0.75000        -0.99378
-0.64900        0.75000        -0.99343
-0.64700        0.75000        -0.99307
-0.64500        0.75000        -0.99269
-0.64300        0.75000        -0.99229
-0.64100        0.75000        -0.99188
-0.63900        0.75000        -0.99144
-0.63700        0.75000        -0.99100
-0.63500        0.75000        -0.99054
-0.63300        0.75000        -0.99006
-0.63100        0.75000        -0.98956
-0.62900        0.75000        -0.98905
-0.62700        0.75000        -0.98852
-0.62500        0.75000        -0.98798
-0.62300        0.75000        -0.98742
-0.62100        0.75000        -0.98684
-0.61900        0.75000        -0.98626
-0.61700        0.75000        -0.98566
-0.61500        0.75000        -0.98502
-0.61300        0.75000        -0.98434
-0.61100        0.75000        -0.98362
-0.60900        0.75000        -0.98286
-0.60700        0.75000        -0.98207
-0.60500        0.75000        -0.98123
-0.60300        0.75000        -0.98036
-0.60100        0.75000        -0.97944
-0.59900        0.75000        -0.97851
-0.59700        0.75000        -0.97750
-0.59500        0.75000        -0.97636
-0.59300        0.75000        -0.97511
-0.59100        0.75000        -0.97373
-0.58900        0.75000        -0.97224
-0.58700        0.75000        -0.97062
-0.58500        0.75000        -0.96888
-0.58300        0.75000        -0.96702
-0.58100        0.75000        -0.96504
-0.57900        0.75000        -0.96300
-0.57700        0.75000        -0.96077
-0.57500        0.75000        -0.95822
-0.57300        0.75000        -0.95537
-0.57100        0.75000        -0.95221
-0.56900        0.75000        -0.94874
-0.56700        0.75000        -0.94496
-0.56500        0.75000        -0.94087
-0.56300        0.75000        -0.93648
-0.56100        0.75000        -0.93177
-0.55900        0.75000        -0.92706
-0.55700        0.75000        -0.92190
-0.55500        0.75000        -0.91587
-0.55300        0.75000        -0.90897
-0.55100        0.75000        -0.90120
-0.54900        0.75000        -0.89256
-0.54700        0.75000        -0.88305
-0.54500        0.75000        -0.87266
-0.54300        0.75000        -0.86140
-0.54100        0.75000        -0.84927
-0.53900        0.75000        -0.83668
-0.53700        0.75000        -0.82235
-0.53500        0.75000        -0.80548
-0.53300        0.75000        -0.78606
-0.53100        0.75000        -0.76408
-0.52900        0.75000        -0.73956
-0.52700        0.75000        -0.71248
-0.52500        0.75000        -0.68286
-0.52300        0.75000        -0.65068
-0.52100        0.75000        -0.61596
-0.51900        0.75000        -0.57584
-0.51700        0.75000        -0.53001
-0.51500        0.75000        -0.48120
-0.51300        0.75000        -0.42940
-0.51100        0.75000        -0.37463
-0.50900        0.75000        -0.31687
-0.50700        0.75000        -0.25613
-0.50500        0.75000        -0.19241
-0.50300        0.75000        -0.12570
-0.50100        0.75000        -0.056019
-0.49900        0.75000        0.014884
-0.49700        0.75000        0.082250
-0.49500        0.75000        0.14626
-0.49300        0.75000        0.20691
-0.49100        0.75000        0.26420
-0.48900        0.75000        0.31813
-0.48700        0.75000        0.36870
-0.48500        0.75000        0.41592
-0.48300        0.75000        0.45977
-0.48100        0.75000        0.50027
-0.47900        0.75000        0.53587
-0.47700        0.75000        0.56746
-0.47500        0.75000        0.59689
-0.47300        0.75000        0.62416
-0.47100        0.75000        0.64927
-0.46900        0.75000        0.67222
-0.46700        0.75000        0.69302
-0.46500        0.75000        0.71165
-0.46300        0.75000        0.72813
-0.46100        0.75000        0.74244
-0.45900        0.75000        0.75531
-0.45700        0.75000        0.76775
-0.45500        0.75000        0.77940
-0.45300        0.75000        0.79024
-0.45100        0.75000        0.80029
-0.44900        0.75000        0.80954
-0.44700        0.75000        0.81799
-0.44500        0.75000        0.82564
-0.44300        0.75000        0.83250
-0.44100        0.75000        0.83856
-0.43900        0.75000        0.84414
-0.43700        0.75000        0.84961
-0.43500        0.75000        0.85478
-0.43300        0.75000        0.85964
-0.43100        0.75000        0.86419
-0.42900        0.75000        0.86844
-0.42700        0.75000        0.87238
-0.42500        0.75000        0.87601
-0.42300        0.75000        0.87933
-0.42100        0.75000        0.88234
-0.41900        0.75000        0.88515
-0.41700        0.75000        0.88789
-0.41500        0.75000        0.89048
-0.41300        0.75000        0.89293
-0.41100        0.75000        0.89525
-0.40900        0.75000        0.89742
-0.40700        0.75000        0.89946
-0.40500        0.75000        0.90135
-0.40300        0.75000        0.90311
-0.40100        0.75000        0.90472
-0.39900        0.75000        0.90623
-0.39700        0.75000        0.90769
-0.39500        0.75000        0.90906
-0.39300        0.75000        0.91037
-0.39100        0.75000        0.91159
-0.38900        0.75000        0.91274
-0.38700        0.75000        0.91382
-0.38500        0.75000        0.91482
-0.38300        0.75000        0.91574
-0.38100        0.75000        0.91659
-0.37900        0.75000        0.91738
-0.37700        0.75000        0.91812
-0.37500        0.75000        0.91882
-0.37300        0.75000        0.91947
-0.37100        0.75000        0.92007
-0.36900        0.75000        0.92062
-0.36700        0.75000        0.92112
-0.36500        0.75000        0.92158
-0.36300        0.75000        0.92198
-0.36100        0.75000        0.92234
-0.35900        0.75000        0.92266
-0.35700        0.75000        0.92294
-0.35500        0.75000        0.92318
-0.35300        0.75000        0.92339
-0.35100        0.75000        0.92357
-0.34900        0.75000        0.92371
-0.34700        0.75000        0.92381
-0.34500        0.75000        0.92387
-0.34300        0.75000        0.92390
-0.34100        0.75000        0.92389
-0.33900        0.75000        0.92385
-0.33700        0.75000        0.92378
-0.33500        0.75000        0.92368
-0.33300        0.75000        0.92354
-0.33100        0.75000        0.92338
-0.32900        0.75000        0.92318
-0.32700        0.75000        0.92295
-0.32500        0.75000        0.92268
-0.32300        0.75000        0.92239
-0.32100        0.75000        0.92206
-0.31900        0.75000        0.92170
-0.31700        0.75000        0.92131
-0.31500        0.75000        0.92089
-0.31300        0.75000        0.92044
-0.31100        0.75000        0.91995
-0.30900        0.75000        0.91943
-0.30700        0.75000        0.91888
-0.30500        0.75000        0.91829
-0.30300        0.75000        0.91767
-0.30100        0.75000        0.91702
-0.29900        0.75000        0.91634
-0.29700        0.75000        0.91562
-0.29500        0.75000        0.91487
-0.29300        0.75000        0.91407
-0.29100        0.75000        0.91324
-0.28900        0.75000        0.91237
-0.28700        0.75000        0.91147
-0.28500        0.75000        0.91052
-0.28300        0.75000        0.90954
-0.28100        0.75000        0.90852
-0.27900        0.75000        0.90746
-0.27700        0.75000        0.90636
-0.27500        0.75000        0.90522
-0.27300        0.75000        0.90402
-0.27100        0.75000        0.90278
-0.26900        0.75000        0.90149
-0.26700        0.75000        0.90016
-0.26500        0.75000        0.89877
-0.26300        0.75000        0.89734
-0.26100        0.75000        0.89587
-0.25900        0.75000        0.89435
-0.25700        0.75000        0.89277
-0.25500        0.75000        0.89112
-0.25300        0.75000        0.88942
-0.25100        0.75000        0.88766
-0.24900        0.75000        0.88583
-0.24700        0.75000        0.88394
-0.24500        0.75000        0.88199
-0.24300        0.75000        0.87998
-0.24100        0.75000        0.87790
-0.23900        0.75000        0.87577
-0.23700        0.75000        0.87356
-0.23500        0.75000        0.87126
-0.23300        0.75000        0.86888
-0.23100        0.75000        0.86641
-0.22900        0.75000        0.86387
-0.22700        0.75000        0.86123
-0.22500        0.75000        0.85852
-0.22300        0.75000        0.85572
-0.22100        0.75000        0.85283
-0.21900        0.75000        0.84986
-0.21700        0.75000        0.84679
-0.21500        0.75000        0.84360
-0.21300        0.75000        0.84030
-0.21100        0.75000        0.83688
-0.20900        0.75000        0.83335
-0.20700        0.75000        0.82970
-0.20500        0.75000        0.82594
-0.20300        0.75000        0.82206
-0.20100        0.75000        0.81807
-0.19900        0.75000        0.81397
-0.19700        0.75000        0.80972
-0.19500        0.75000        0.80531
-0.19300        0.75000        0.80076
-0.19100        0.75000        0.79606
-0.18900        0.75000        0.79120
-0.18700        0.75000        0.78619
-0.18500        0.75000        0.78103
-0.18300        0.75000        0.77572
-0.18100        0.75000        0.77026
-0.17900        0.75000        0.76464
-0.17700        0.75000        0.75883
-0.17500        0.75000        0.75284
-0.17300        0.75000        0.74666
-0.17100        0.75000        0.74029
-0.16900        0.75000        0.73374
-0.16700        0.75000        0.72700
-0.16500        0.75000        0.72007
-0.16300        0.75000        0.71295
-0.16100        0.75000        0.70565
-0.15900        0.75000        0.69815
-0.15700        0.75000        0.69043
-0.15500        0.75000        0.68251
-0.15300        0.75000        0.67438
-0.15100        0.75000        0.66605
-0.14900        0.75000        0.65752
-0.14700        0.75000        0.64878
-0.14500        0.75000        0.63984
-0.14300        0.75000        0.63069
-0.14100        0.75000        0.62134
-0.13900        0.75000        0.61177
-0.13700        0.75000        0.60199
-0.13500        0.75000        0.59203
-0.13300        0.75000        0.58189
-0.13100        0.75000        0.57157
-0.12900        0.75000        0.56108
-0.12700        0.75000        0.55041
-0.12500        0.75000        0.53956
-0.12300        0.75000        0.52853
-0.12100        0.75000        0.51733
-0.11900        0.75000        0.50592
-0.11700        0.75000        0.49439
-0.11500        0.75000        0.48277
-0.11300        0.75000        0.47105
-0.11100        0.75000        0.45924
-0.10900        0.75000        0.44735
-0.10700        0.75000        0.43536
-0.10500        0.75000        0.42328
-0.10300        0.75000        0.41112
-0.10100        0.75000        0.39886
-0.099000       0.75000        0.38651
-0.097000       0.75000        0.37417
-0.095000       0.75000        0.36189
-0.093000       0.75000        0.34965
-0.091000       0.75000        0.33746
-0.089000       0.75000        0.32532
-0.087000       0.75000        0.31322
-0.085000       0.75000        0.30118
-0.083000       0.75000        0.28918
-0.081000       0.75000        0.27724
-0.079000       0.75000        0.26536
-0.077000       0.75000        0.25367
-0.075000       0.75000        0.24218
-0.073000       0.75000        0.23087
-0.071000       0.75000        0.21975
-0.069000       0.75000        0.20883
-0.067000       0.75000        0.19810
-0.065000       0.75000        0.18756
-0.063000       0.75000        0.17721
-0.061000       0.75000        0.16705
-0.059000       0.75000        0.15712
-0.057000       0.75000        0.14749
-0.055000       0.75000        0.13816
-0.053000       0.75000        0.12911
-0.051000       0.75000        0.12036
-0.049000       0.75000        0.11190
-0.047000       0.75000        0.10373
-0.045000       0.75000        0.095850
-0.043000       0.75000        0.088264
-0.041000       0.75000        0.080969
-0.039000       0.75000        0.073992
-0.037000       0.75000        0.067367
-0.035000       0.75000        0.061081
-0.033000       0.75000        0.055135
-0.031000       0.75000        0.049529
-0.029000       0.75000        0.044262
-0.027000       0.75000        0.039335
-0.025000       0.75000        0.034747
-0.023000       0.75000        0.030499
-0.021000       0.75000        0.026590
-0.019000       0.75000        0.023031
-0.017000       0.75000        0.019835
-0.015000       0.75000        0.016993
-0.013000       0.75000        0.014506
-0.011000       0.75000        0.012373
-0.0090000      0.75000        0.010596
-0.0070000      0.75000        0.0091723
-0.0050000      0.75000        0.0081039
-0.0030000      0.75000        0.0073900
-0.0010000      0.75000        0.0070309
0.0010000       0.75000        0.0070309
0.0030000       0.75000        0.0073900
0.0050000       0.75000        0.0081039
0.0070000       0.75000        0.0091723
0.0090000       0.75000        0.010596
0.011000        0.75000        0.012373
0.013000        0.75000        0.014506
0.015000        0.75000        0.016993
0.017000        0.75000        0.019835
0.019000        0.75000        0.023031
0.021000        0.75000        0.026590
0.023000        0.75000        0.030499
0.025000        0.75000        0.034747
0.027000        0.75000        0.039335
0.029000        0.75000        0.044262
0.031000        0.75000        0.049529
0.033000        0.75000        0.055135
0.035000        0.75000        0.061081
0.037000        0.75000        0.067367
0.039000        0.75000        0.073992
0.041000        0.75000        0.080969
0.043000        0.75000        0.088264
0.045000        0.75000        0.095850
0.047000        0.75000        0.10373
0.049000        0.75000        0.11190
0.051000        0.75000        0.12036
0.053000        0.75000        0.12911
0.055000        0.75000        0.13816
0.057000        0.75000        0.14749
0.059000        0.75000        0.15712
0.061000        0.75000        0.16705
0.063000        0.75000        0.17721
0.065000        0.75000        0.18756
0.067000        0.75000        0.19810
0.069000        0.75000        0.20883
0.071000        0.75000        0.21975
0.073000        0.75000        0.23087
0.075000        0.75000        0.24218
0.077000        0.75000        0.25367
0.079000        0.75000        0.26536
0.081000        0.75000        0.27724
0.083000        0.75000        0.28918
0.085000        0.75000        0.30118
0.087000        0.75000        0.31322
0.089000        0.75000        0.32532
0.091000        0.75000        0.33746
0.093000        0.75000        0.34965
0.095000        0.75000        0.36189
0.097000        0.75000        0.37417
0.099000        0.75000        0.38651
0.10100         0.75000        0.39886
0.10300         0.75000        0.41112
0.10500         0.75000        0.42328
0.10700         0.75000        0.43536
0.10900         0.75000        0.44735
0.11100         0.75000        0.45924
0.11300         0.75000        0.47105
0.11500         0.75000        0.48277
0.11700         0.75000        0.49439
0.11900         0.75000        0.50592
0.12100         0.75000        0.51733
0.12300         0.75000        0.52853
0.12500         0.75000        0.53956
0.12700         0.75000        0.55041
0.12900         0.75000        0.56108
0.13100         0.75000        0.57157
0.13300         0.75000        0.58189
0.13500         0.75000        0.59203
0.13700         0.75000        0.60199
0.13900         0.75000        0.61177
0.14100         0.75000        0.62134
0.14300         0.75000        0.63069
0.14500         0.75000        0.63984
0.14700         0.75000        0.64878
0.14900         0.75000        0.65752
0.15100         0.75000        0.66605
0.15300         0.75000        0.67438
0.15500         0.75000        0.68251
0.15700         0.75000        0.69043
0.15900         0.75000        0.69815
0.16100         0.75000        0.70565
0.16300         0.75000        0.71295
0.16500         0.75000        0.72007
0.16700         0.75000        0.72700
0.16900         0.75000        0.73374
0.17100         0.75000        0.74029
0.17300         0.75000        0.74666
0.17500         0.75000        0.75284
0.17700         0.75000        0.75883
0.17900         0.75000        0.76464
0.18100         0.75000        0.77026
0.18300         0.75000        0.77572
0.18500         0.75000        0.78103
0.18700         0.75000        0.78619
0.18900         0.75000        0.79120
0.19100         0.75000        0.79606
0.19300         0.75000        0.80076
0.19500         0.75000        0.80531
0.19700         0.75000        0.80972
0.19900         0.75000        0.81397
0.20100         0.75000        0.81807
0.20300         0.75000        0.82206
0.20500         0.75000        0.82594
0.20700         0.75000        0.82970
0.20900         0.75000        0.83335
0.21100         0.75000        0.83688
0.21300         0.75000        0.84030
0.21500         0.75000        0.84360
0.21700         0.75000        0.84679
0.21900         0.75000        0.84986
0.22100         0.75000        0.85283
0.22300         0.75000        0.85572
0.22500         0.75000        0.85852
0.22700         0.75000        0.86123
0.22900         0.75000        0.86387
0.23100         0.75000        0.86641
0.23300         0.75000        0.86888
0.23500         0.75000        0.87126
0.23700         0.75000        0.87356
0.23900         0.75000        0.87577
0.24100         0.75000        0.87790
0.24300         0.75000        0.87998
0.24500         0.75000        0.88199
0.24700         0.75000        0.88394
0.24900         0.75000        0.88583
0.25100         0.75000        0.88766
0.25300         0.75000        0.88942
0.25500         0.75000        0.89112
0.25700         0.75000        0.89277
0.25900         0.75000        0.89435
0.26100         0.75000        0.89587
0.26300         0.75000        0.89734
0.26500         0.75000        0.89877
0.26700         0.75000        0.90016
0.26900         0.75000        0.90149
0.27100         0.75000        0.90278
0.27300         0.75000        0.90402
0.27500         0.75000        0.90522
0.27700         0.75000        0.90636
0.27900         0.75000        0.90746
0.28100         0.75000        0.90852
0.28300         0.75000        0.90954
0.28500         0.75000        0.91052
0.28700         0.75000        0.91147
0.28900         0.75000        0.91237
0.29100         0.75000        0.91324
0.29300         0.75000        0.91407
0.29500         0.75000        0.91487
0.29700         0.75000        0.91562
0.29900         0.75000        0.91634
0.30100         0.75000        0.91702
0.30300         0.75000        0.91767
0.30500         0.75000        0.91829
0.30700         0.75000        0.91888
0.30900         0.75000        0.91943
0.31100         0.75000        0.91995
0.31300         0.75000        0.92044
0.31500         0.75000        0.92089
0.31700         0.75000        0.92131
0.31900         0.75000        0.92170
0.32100         0.75000        0.92206
0.32300         0.75000        0.92239
0.32500         0.75000        0.92268
0.32700         0.75000        0.92295
0.32900         0.75000        0.92318
0.33100         0.75000        0.92338
0.33300         0.75000        0.92354
0.33500         0.75000        0.92368
0.33700         0.75000        0.92378
0.33900         0.75000        0.92385
0.34100         0.75000        0.92389
0.34300         0.75000        0.92390
0.34500         0.75000        0.92387
0.34700         0.75000        0.92381
0.34900         0.75000        0.92371
0.35100         0.75000        0.92357
0.35300         0.75000        0.92339
0.35500         0.75000        0.92318
0.35700         0.75000        0.92294
0.35900         0.75000        0.92266
0.36100         0.75000        0.92234
0.36300         0.75000        0.92198
0.36500         0.75000        0.92158
0.36700         0.75000        0.92112
0.36900         0.75000        0.92062
0.37100         0.75000        0.92007
0.37300         0.75000        0.91947
0.37500         0.75000        0.91882
0.37700         0.75000        0.91812
0.37900         0.75000        0.91738
0.38100         0.75000        0.91659
0.38300         0.75000        0.91574
0.38500         0.75000        0.91482
0.38700         0.75000        0.91382
0.38900         0.75000        0.91274
0.39100         0.75000        0.91159
0.39300         0.75000        0.91037
0.39500         0.75000        0.90906
0.39700         0.75000        0.90769
0.39900         0.75000        0.90623
0.40100         0.75000        0.90472
0.40300         0.75000        0.90311
0.40500         0.75000        0.90135
0.40700         0.75000        0.89946
0.40900         0.75000        0.89742
0.41100         0.75000        0.89525
0.41300         0.75000        0.89293
0.41500         0.75000        0.89048
0.41700         0.75000        0.88789
0.41900         0.75000        0.88515
0.42100         0.75000        0.88234
0.42300         0.75000        0.87933
0.42500         0.75000        0.87601
0.42700         0.75000        0.87238
0.42900         0.75000        0.86844
0.43100         0.75000        0.86419
0.43300         0.75000        0.85964
0.43500         0.75000        0.85478
0.43700         0.75000        0.84961
0.43900         0.75000        0.84414
0.44100         0.75000        0.83856
0.44300         0.75000        0.83250
0.44500         0.75000        0.82564
0.44700         0.75000        0.81799
0.44900         0.75000        0.80954
0.45100         0.75000        0.80029
0.45300         0.75000        0.79024
0.45500         0.75000        0.77940
0.45700         0.75000        0.76775
0.45900         0.75000        0.75531
0.46100         0.75000        0.74244
0.46300         0.75000        0.72813
0.46500         0.75000        0.71165
0.46700         0.75000        0.69302
0.46900         0.75000        0.67222
0.47100         0.75000        0.64927
0.47300         0.75000        0.62416
0.47500         0.75000        0.59689
0.47700         0.75000        0.56746
0.47900         0.75000        0.53587
0.48100         0.75000        0.50027
0.48300         0.75000        0.45977
0.48500         0.75000        0.41592
0.48700         0.75000        0.36870
0.48900         0.75000        0.31813
0.49100         0.75000        0.26420
0.49300         0.75000        0.20691
0.49500         0.75000        0.14626
0.49700         0.75000        0.082250
0.49900         0.75000        0.014884
0.50100         0.75000        -0.056019
0.50300         0.75000        -0.12570
0.50500         0.75000        -0.19241
0.50700         0.75000        -0.25613
0.50900         0.75000        -0.31687
0.51100         0.75000        -0.37463
0.51300         0.75000        -0.42940
0.51500         0.75000        -0.48120
0.51700         0.75000        -0.53001
0.51900         0.75000        -0.57584
0.52100         0.75000        -0.61596
0.52300         0.75000        -0.65068
0.52500         0.75000        -0.68286
0.52700         0.75000        -0.71248
0.52900         0.75000        -0.73956
0.53100         0.75000        -0.76408
0.53300         0.75000        -0.78606
0.53500         0.75000        -0.80548
0.53700         0.75000        -0.82235
0.53900         0.75000        -0.83668
0.54100         0.75000        -0.84927
0.54300         0.75000        -0.86140
0.54500         0.75000        -0.87266
0.54700         0.75000        -0.88305
0.54900         0.75000        -0.89256
0.55100         0.75000        -0.90120
0.55300         0.75000        -0.90897
0.55500         0.75000        -0.91587
0.55700         0.75000        -0.92190
0.55900         0.75000        -0.92706
0.56100         0.75000        -0.93177
0.56300         0.75000        -0.93648
0.56500         0.75000        -0.94087
0.56700         0.75000        -0.94496
0.56900         0.75000        -0.94874
0.57100         0.75000        -0.95221
0.57300         0.75000        -0.95537
0.57500         0.75000        -0.95822
0.57700         0.75000        -0.96077
0.57900         0.75000        -0.96300
0.58100         0.75000        -0.96504
0.58300         0.75000        -0.96702
0.58500         0.75000        -0.96888
0.58700         0.75000        -0.97062
0.58900         0.75000        -0.97224
0.59100         0.75000        -0.97373
0.59300         0.75000        -0.97511
0.59500         0.75000        -0.97636
0.59700         0.75000        -0.97750
0.59900         0.75000        -0.97851
0.60100         0.75000        -0.97944
0.60300         0.75000        -0.98036
0.60500         0.75000        -0.98123
0.60700         0.75000        -0.98207
0.60900         0.75000        -0.98286
0.61100         0.75000        -0.98362
0.61300         0.75000        -0.98434
0.61500         0.75000        -0.98502
0.61700         0.75000        -0.98566
0.61900         0.75000        -0.98626
0.62100         0.75000        -0.98684
0.62300         0.75000        -0.98742
0.62500         0.75000        -0.98798
0.62700         0.75000        -0.98852
0.62900         0.75000        -0.98905
0.63100         0.75000        -0.98956
0.63300         0.75000        -0.99006
0.63500         0.75000        -0.99054
0.63700         0.75000        -0.99100
0.63900         0.75000        -0.99144
0.64100         0.75000        -0.99188
0.64300         0.75000        -0.99229
0.64500         0.75000        -0.99269
0.64700         0.75000        -0.99307
0.64900         0.75000        -0.99343
0.65100         0.75000        -0.99378
0.65300         0.75000        -0.99411
0.65500         0.75000        -0.99442
0.65700         0.75000        -0.99471
0.65900         0.75000        -0.99499
0.66100         0.75000        -0.99525
0.66300         0.75000        -0.99549
0.66500         0.75000        -0.99571
0.66700         0.75000        -0.99592
0.66900         0.75000        -0.99612
0.67100         0.75000        -0.99630
0.67300         0.75000        -0.99646
0.67500         0.75000        -0.99662
0.67700         0.75000        -0.99675
0.67900         0.75000        -0.99688
0.68100         0.75000        -0.99699
0.68300         0.75000        -0.99709
0.68500         0.75000        -0.99719
0.68700         0.75000        -0.99728
0.68900         0.75000        -0.99736
0.69100         0.75000        -0.99743
0.69300         0.75000        -0.99750
0.69500         0.75000        -0.99757
0.69700         0.75000        -0.99762
0.69900         0.75000        -0.99767
0.70100         0.75000        -0.99772
0.70300         0.75000        -0.99776
0.70500         0.75000        -0.99780
0.70700         0.75000        -0.99785
0.70900         0.75000        -0.99789
0.71100         0.75000        -0.99793
0.71300         0.75000        -0.99796
0.71500         0.75000        -0.99800
0.71700         0.75000        -0.99804
0.71900         0.75000        -0.99807
0.72100         0.75000        -0.99810
0.72300         0.75000        -0.99814
0.72500         0.75000        -0.99817
0.72700         0.75000        -0.99820
0.72900         0.75000        -0.99824
0.73100         0.75000        -0.99827
0.73300         0.75000        -0.99831
0.73500         0.75000        -0.99834
0.73700         0.75000        -0.99837
0.73900         0.75000        -0.99841
0.74100         0.75000        -0.99844
0.74300         0.75000        -0.99847
0.74500         0.75000        -0.99850
0.74700         0.75000        -0.99854
0.74900         0.75000        -0.99857
0.75100         0.75000        -0.99860
0.75300         0.75000        -0.99863
0.75500         0.75000        -0.99866
0.75700         0.75000        -0.99869
0.75900         0.75000        -0.99872
0.76100         0.75000        -0.99875
0.76300         0.75000        -0.99878
0.76500         0.75000        -0.99881
0.76700         0.75000        -0.99884
0.76900         0.75000        -0.99887
0.77100         0.75000        -0.99890
0.77300         0.75000        -0.99892
0.77500         0.75000        -0.99895
0.77700         0.75000        -0.99897
0.77900         0.75000        -0.99900
0.78100         0.75000        -0.99902
0.78300         0.75000        -0.99905
0.78500         0.75000        -0.99907
0.78700         0.75000        -0.99910
0.78900         0.75000        -0.99912
0.79100         0.75000        -0.99914
0.79300         0.75000        -0.99916
0.79500         0.75000        -0.99918
0.79700         0.75000        -0.99920
0.79900         0.75000        -0.99922
0.80100         0.75000        -0.99924
0.80300         0.75000        -0.99926
0.80500         0.75000        -0.99928
0.80700         0.75000        -0.99930
0.80900         0.75000        -0.99932
0.81100         0.75000        -0.99933
0.81300         0.75000        -0.99935
0.81500         0.75000        -0.99937
0.81700         0.75000        -0.99938
0.81900         0.75000        -0.99940
0.82100         0.75000        -0.99941
0.82300         0.75000        -0.99943
0.82500         0.75000        -0.99944
0.82700         0.75000        -0.99946
0.82900         0.75000        -0.99947
0.83100         0.75000        -0.99949
0.83300         0.75000        -0.99950
0.83500         0.75000        -0.99951
0.83700         0.75000        -0.99952
0.83900         0.75000        -0.99954
0.84100         0.75000        -0.99955
0.84300         0.75000        -0.99956
0.84500         0.75000        -0.99957
0.84700         0.75000        -0.99958
0.84900         0.75000        -0.99959
0.85100         0.75000        -0.99961
0.85300         0.75000        -0.99962
0.85500         0.75000        -0.99963
0.85700         0.75000        -0.99964
0.85900         0.75000        -0.99965
0.86100         0.75000        -0.99966
0.86300         0.75000        -0.99966
0.86500         0.75000        -0.99967
0.86700         0.75000        -0.99968
0.86900         0.75000        -0.99969
0.87100         0.75000        -0.99970
0.87300         0.75000        -0.99971
0.87500         0.75000        -0.99972
0.87700         0.75000        -0.99972
0.87900         0.75000        -0.99973
0.88100         0.75000        -0.99974
0.88300         0.75000        -0.99975
0.88500         0.75000        -0.99976
0.88700         0.75000        -0.99976
0.88900         0.75000        -0.99977
0.89100         0.75000        -0.99978
0.89300         0.75000        -0.99978
0.89500         0.75000        -0.99979
0.89700         0.75000        -0.99980
0.89900         0.75000        -0.99980
0.90100         0.75000        -0.99981
0.90300         0.75000        -0.99982
0.90500         0.75000        -0.99982
0.90700         0.75000        -0.99983
0.90900         0.75000        -0.99983
0.91100         0.75000        -0.99984
0.91300         0.75000        -0.99984
0.91500         0.75000        -0.99985
0.91700         0.75000        -0.99985
0.91900         0.75000        -0.99986
0.92100         0.75000        -0.99987
0.92300         0.75000        -0.99987
0.92500         0.75000        -0.99987
0.92700         0.75000        -0.99988
0.92900         0.75000        -0.99988
0.93100         0.75000        -0.99989
0.93300         0.75000        -0.99989
0.93500         0.75000        -0.99990
0.93700         0.75000        -0.99990
0.93900         0.75000        -0.99991
0.94100         0.75000        -0.99991
0.94300         0.75000        -0.99991
0.94500         0.75000        -0.99992
0.94700         0.75000        -0.99992
0.94900         0.75000        -0.99993
0.95100         0.75000        -0.99993
0.95300         0.75000        -0.99993
0.95500         0.75000        -0.99994
0.95700         0.75000        -0.99994
0.95900         0.75000        -0.99994
0.96100         0.75000        -0.99995
0.96300         0.75000        -0.99995
0.96500         0.75000        -0.99995
0.96700         0.75000        -0.99996
0.96900         0.75000        -0.99996
0.97100         0.75000        -0.99996
0.97300         0.75000        -0.99997
0.97500         0.75000        -0.99997
0.97700         0.75000        -0.99997
0.97900         0.75000        -0.99997
0.98100         0.75000        -0.99998
0.98300         0.75000        -0.99998
0.98500         0.75000        -0.99998
0.98700         0.75000        -0.99998
0.98900         0.75000        -0.99998
0.99100         0.75000        -0.99999
0.99300         0.75000        -0.99999
0.99500         0.75000        -0.99999
0.99700         0.75000        -0.99999
0.99900         0.75000        -0.99999
