-0.99900        0.25000        -0.99894
-0.99700        0.25000        -0.99897
-0.99500        0.25000        -0.99896
-0.99300        0.25000        -0.99890
-0.99100        0.25000        -0.99880
-0.98900        0.25000        -0.99865
-0.98700        0.25000        -0.99846
-0.98500        0.25000        -0.99823
-0.98300        0.25000        -0.99795
-0.98100        0.25000        -0.99763
-0.97900        0.25000        -0.99730
-0.97700        0.25000        -0.99700
-0.97500        0.25000        -0.99669
-0.97300        0.25000        -0.99637
-0.97100        0.25000        -0.99604
-0.96900        0.25000        -0.99570
-0.96700        0.25000        -0.99536
-0.96500        0.25000        -0.99500
-0.96300        0.25000        -0.99464
-0.96100        0.25000        -0.99426
-0.95900        0.25000        -0.99387
-0.95700        0.25000        -0.99347
-0.95500        0.25000        -0.99305
-0.95300        0.25000        -0.99262
-0.95100        0.25000        -0.99218
-0.94900        0.25000        -0.99173
-0.94700        0.25000        -0.99126
-0.94500        0.25000        -0.99079
-0.94300        0.25000        -0.99030
-0.94100        0.25000        -0.98980
-0.93900        0.25000        -0.98928
-0.93700        0.25000        -0.98875
-0.93500        0.25000        -0.98821
-0.93300        0.25000        -0.98765
-0.93100        0.25000        -0.98707
-0.92900        0.25000        -0.98648
-0.92700        0.25000        -0.98587
-0.92500        0.25000        -0.98525
-0.92300        0.25000        -0.98462
-0.92100        0.25000        -0.98396
-0.91900        0.25000        -0.98329
-0.91700        0.25000        -0.98261
-0.91500        0.25000        -0.98190
-0.91300        0.25000        -0.98118
-0.91100        0.25000        -0.98044
-0.90900        0.25000        -0.97968
-0.90700        0.25000        -0.97890
-0.90500        0.25000        -0.97810
-0.90300        0.25000        -0.97729
-0.90100        0.25000        -0.97645
-0.89900        0.25000        -0.97560
-0.89700        0.25000        -0.97472
-0.89500        0.25000        -0.97383
-0.89300        0.25000        -0.97291
-0.89100        0.25000        -0.97196
-0.88900        0.25000        -0.97100
-0.88700        0.25000        -0.97001
-0.88500        0.25000        -0.96900
-0.88300        0.25000        -0.96797
-0.88100        0.25000        -0.96692
-0.87900        0.25000        -0.96584
-0.87700        0.25000        -0.96474
-0.87500        0.25000        -0.96362
-0.87300        0.25000        -0.96246
-0.87100        0.25000        -0.96128
-0.86900        0.25000        -0.96007
-0.86700        0.25000        -0.95884
-0.86500        0.25000        -0.95758
-0.86300        0.25000        -0.95629
-0.86100        0.25000        -0.95498
-0.85900        0.25000        -0.95364
-0.85700        0.25000        -0.95227
-0.85500        0.25000        -0.95087
-0.85300        0.25000        -0.94944
-0.85100        0.25000        -0.94797
-0.84900        0.25000        -0.94648
-0.84700        0.25000        -0.94496
-0.84500        0.25000        -0.94340
-0.84300        0.25000        -0.94181
-0.84100        0.25000        -0.94019
-0.83900        0.25000        -0.93855
-0.83700        0.25000        -0.93686
-0.83500        0.25000        -0.93514
-0.83300        0.25000        -0.93338
-0.83100        0.25000        -0.93159
-0.82900        0.25000        -0.92976
-0.82700        0.25000        -0.92790
-0.82500        0.25000        -0.92600
-0.82300        0.25000        -0.92406
-0.82100        0.25000        -0.92209
-0.81900        0.25000        -0.92008
-0.81700        0.25000        -0.91803
-0.81500        0.25000        -0.91594
-0.81300        0.25000        -0.91381
-0.81100        0.25000        -0.91163
-0.80900        0.25000        -0.90942
-0.80700        0.25000        -0.90716
-0.80500        0.25000        -0.90487
-0.80300        0.25000        -0.90253
-0.80100        0.25000        -0.90015
-0.79900        0.25000        -0.89773
-0.79700        0.25000        -0.89526
-0.79500        0.25000        -0.89275
-0.79300        0.25000        -0.89019
-0.79100        0.25000        -0.88758
-0.78900        0.25000        -0.88493
-0.78700        0.25000        -0.88223
-0.78500        0.25000        -0.87948
-0.78300        0.25000        -0.87669
-0.78100        0.25000        -0.87385
-0.77900        0.25000        -0.87097
-0.77700        0.25000        -0.86803
-0.77500        0.25000        -0.86504
-0.77300        0.25000        -0.86200
-0.77100        0.25000        -0.85891
-0.76900        0.25000        -0.85576
-0.76700        0.25000        -0.85257
-0.76500        0.25000        -0.84932
-0.76300        0.25000        -0.84602
-0.76100        0.25000        -0.84267
-0.75900        0.25000        -0.83926
-0.75700        0.25000        -0.83580
-0.75500        0.25000        -0.83228
-0.75300        0.25000        -0.82871
-0.75100        0.25000        -0.82508
-0.74900        0.25000        -0.82139
-0.74700        0.25000        -0.81765
-0.74500        0.25000        -0.81385
-0.74300        0.25000        -0.80999
-0.74100        0.25000        -0.80607
-0.73900        0.25000        -0.80210
-0.73700        0.25000        -0.79807
-0.73500        0.25000        -0.79397
-0.73300        0.25000        -0.78982
-0.73100        0.25000        -0.78560
-0.72900        0.25000        -0.78132
-0.72700        0.25000        -0.77698
-0.72500        0.25000        -0.77258
-0.72300        0.25000        -0.76811
-0.72100        0.25000        -0.76359
-0.71900        0.25000        -0.75900
-0.71700        0.25000        -0.75434
-0.71500        0.25000        -0.74962
-0.71300        0.25000        -0.74484
-0.71100        0.25000        -0.73999
-0.70900        0.25000        -0.73507
-0.70700        0.25000        -0.73008
-0.70500        0.25000        -0.72503
-0.70300        0.25000        -0.71992
-0.70100        0.25000        -0.71474
-0.69900        0.25000        -0.70949
-0.69700        0.25000        -0.70417
-0.69500        0.25000        -0.69878
-0.69300        0.25000        -0.69333
-0.69100        0.25000        -0.68780
-0.68900        0.25000        -0.68221
-0.68700        0.25000        -0.67654
-0.68500        0.25000        -0.67081
-0.68300        0.25000        -0.66500
-0.68100        0.25000        -0.65913
-0.67900        0.25000        -0.65319
-0.67700        0.25000        -0.64717
-0.67500        0.25000        -0.64109
-0.67300        0.25000        -0.63494
-0.67100        0.25000        -0.62871
-0.66900        0.25000        -0.62242
-0.66700        0.25000        -0.61605
-0.66500        0.25000        -0.60962
-0.66300        0.25000        -0.60312
-0.66100        0.25000        -0.59654
-0.65900        0.25000        -0.58990
-0.65700        0.25000        -0.58318
-0.65500        0.25000        -0.57640
-0.65300        0.25000        -0.56955
-0.65100        0.25000        -0.56264
-0.64900        0.25000        -0.55566
-0.64700        0.25000        -0.54862
-0.64500        0.25000        -0.54152
-0.64300        0.25000        -0.53434
-0.64100        0.25000        -0.52710
-0.63900        0.25000        -0.51980
-0.63700        0.25000        -0.51243
-0.63500        0.25000        -0.50502
-0.63300        0.25000        -0.49755
-0.63100        0.25000        -0.49003
-0.62900        0.25000        -0.48245
-0.62700        0.25000        -0.47482
-0.62500        0.25000        -0.46714
-0.62300        0.25000        -0.45941
-0.62100        0.25000        -0.45163
-0.61900        0.25000        -0.44379
-0.61700        0.25000        -0.43591
-0.61500        0.25000        -0.42801
-0.61300        0.25000        -0.42007
-0.61100        0.25000        -0.41211
-0.60900        0.25000        -0.40411
-0.60700        0.25000        -0.39608
-0.60500        0.25000        -0.38802
-0.60300        0.25000        -0.37994
-0.60100        0.25000        -0.37182
-0.59900        0.25000        -0.36367
-0.59700        0.25000        -0.35552
-0.59500        0.25000        -0.34736
-0.59300        0.25000        -0.33920
-0.59100        0.25000        -0.33105
-0.58900        0.25000        -0.32289
-0.58700        0.25000        -0.31473
-0.58500        0.25000        -0.30657
-0.58300        0.25000        -0.29841
-0.58100        0.25000        -0.29024
-0.57900        0.25000        -0.28208
-0.57700        0.25000        -0.27395
-0.57500        0.25000        -0.26585
-0.57300        0.25000        -0.25777
-0.57100        0.25000        -0.24973
-0.56900        0.25000        -0.24172
-0.56700        0.25000        -0.23373
-0.56500        0.25000        -0.22578
-0.56300        0.25000        -0.21785
-0.56100        0.25000        -0.20996
-0.55900        0.25000        -0.20210
-0.55700        0.25000        -0.19430
-0.55500        0.25000        -0.18656
-0.55300        0.25000        -0.17887
-0.55100        0.25000        -0.17124
-0.54900        0.25000        -0.16367
-0.54700        0.25000        -0.15615
-0.54500        0.25000        -0.14869
-0.54300        0.25000        -0.14129
-0.54100        0.25000        -0.13395
-0.53900        0.25000        -0.12666
-0.53700        0.25000        -0.11946
-0.53500        0.25000        -0.11233
-0.53300        0.25000        -0.10528
-0.53100        0.25000        -0.098309
-0.52900        0.25000        -0.091411
-0.52700        0.25000        -0.084590
-0.52500        0.25000        -0.077845
-0.52300        0.25000        -0.071177
-0.52100        0.25000        -0.064585
-0.51900        0.25000        -0.058075
-0.51700        0.25000        -0.051654
-0.51500        0.25000        -0.045320
-0.51300        0.25000        -0.039074
-0.51100        0.25000        -0.032915
-0.50900        0.25000        -0.026842
-0.50700        0.25000        -0.020857
-0.50500        0.25000        -0.014959
-0.50300        0.25000        -0.0091487
-0.50100        0.25000        -0.0034250
-0.49900        0.25000        0.0022082
-0.49700        0.25000        0.0077486
-0.49500        0.25000        0.013199
-0.49300        0.25000        0.018558
-0.49100        0.25000        0.023828
-0.48900        0.25000        0.029007
-0.48700        0.25000        0.034096
-0.48500        0.25000        0.039095
-0.48300        0.25000        0.044003
-0.48100        0.25000        0.048821
-0.47900        0.25000        0.053547
-0.47700        0.25000        0.058183
-0.47500        0.25000        0.062730
-0.47300        0.25000        0.067190
-0.47100        0.25000        0.071561
-0.46900        0.25000        0.075845
-0.46700        0.25000        0.080040
-0.46500        0.25000        0.084147
-0.46300        0.25000        0.088166
-0.46100        0.25000        0.092096
-0.45900        0.25000        0.095939
-0.45700        0.25000        0.099697
-0.45500        0.25000        0.10337
-0.45300        0.25000        0.10696
-0.45100        0.25000        0.11047
-0.44900        0.25000        0.11390
-0.44700        0.25000        0.11724
-0.44500        0.25000        0.12051
-0.44300        0.25000        0.12368
-0.44100        0.25000        0.12678
-0.43900        0.25000        0.12979
-0.43700        0.25000        0.13273
-0.43500        0.25000        0.13559
-0.43300        0.25000        0.13838
-0.43100        0.25000        0.14108
-0.42900        0.25000        0.14372
-0.42700        0.25000        0.14627
-0.42500        0.25000        0.14876
-0.42300        0.25000        0.15116
-0.42100        0.25000        0.15349
-0.41900        0.25000        0.15575
-0.41700        0.25000        0.15793
-0.41500        0.25000        0.16005
-0.41300        0.25000        0.16210
-0.41100        0.25000        0.16408
-0.40900        0.25000        0.16599
-0.40700        0.25000        0.16783
-0.40500        0.25000        0.16960
-0.40300        0.25000        0.17131
-0.40100        0.25000        0.17295
-0.39900        0.25000        0.17452
-0.39700        0.25000        0.17603
-0.39500        0.25000        0.17747
-0.39300        0.25000        0.17886
-0.39100        0.25000        0.18018
-0.38900        0.25000        0.18145
-0.38700        0.25000        0.18265
-0.38500        0.25000        0.18379
-0.38300        0.25000        0.18487
-0.38100        0.25000        0.18589
-0.37900        0.25000        0.18685
-0.37700        0.25000        0.18775
-0.37500        0.25000        0.18860
-0.37300        0.25000        0.18939
-0.37100        0.25000        0.19013
-0.36900        0.25000        0.19082
-0.36700        0.25000        0.19145
-0.36500        0.25000        0.19203
-0.36300        0.25000        0.19255
-0.36100        0.25000        0.19302
-0.35900        0.25000        0.19343
-0.35700        0.25000        0.19380
-0.35500        0.25000        0.19412
-0.35300        0.25000        0.19439
-0.35100        0.25000        0.19461
-0.34900        0.25000        0.19479
-0.34700        0.25000        0.19491
-0.34500        0.25000        0.19499
-0.34300        0.25000        0.19503
-0.34100        0.25000        0.19501
-0.33900        0.25000        0.19495
-0.33700        0.25000        0.19484
-0.33500        0.25000        0.19469
-0.33300        0.25000        0.19451
-0.33100        0.25000        0.19428
-0.32900        0.25000        0.19400
-0.32700        0.25000        0.19369
-0.32500        0.25000        0.19333
-0.32300        0.25000        0.19294
-0.32100        0.25000        0.19250
-0.31900        0.25000        0.19202
-0.31700        0.25000        0.19150
-0.31500        0.25000        0.19095
-0.31300        0.25000        0.19036
-0.31100        0.25000        0.18974
-0.30900        0.25000        0.18908
-0.30700        0.25000        0.18838
-0.30500        0.25000        0.18765
-0.30300        0.25000        0.18689
-0.30100        0.25000        0.18608
-0.29900        0.25000        0.18525
-0.29700        0.25000        0.18438
-0.29500        0.25000        0.18348
-0.29300        0.25000        0.18255
-0.29100        0.25000        0.18160
-0.28900        0.25000        0.18061
-0.28700        0.25000        0.17959
-0.28500        0.25000        0.17854
-0.28300        0.25000        0.17747
-0.28100        0.25000        0.17636
-0.27900        0.25000        0.17522
-0.27700        0.25000        0.17406
-0.27500        0.25000        0.17288
-0.27300        0.25000        0.17167
-0.27100        0.25000        0.17043
-0.26900        0.25000        0.16917
-0.26700        0.25000        0.16789
-0.26500        0.25000        0.16659
-0.26300        0.25000        0.16526
-0.26100        0.25000        0.16390
-0.25900        0.25000        0.16252
-0.25700        0.25000        0.16113
-0.25500        0.25000        0.15971
-0.25300        0.25000        0.15828
-0.25100        0.25000        0.15683
-0.24900        0.25000        0.15536
-0.24700        0.25000        0.15387
-0.24500        0.25000        0.15236
-0.24300        0.25000        0.15084
-0.24100        0.25000        0.14930
-0.23900        0.25000        0.14774
-0.23700        0.25000        0.14616
-0.23500        0.25000        0.14458
-0.23300        0.25000        0.14298
-0.23100        0.25000        0.14137
-0.22900        0.25000        0.13974
-0.22700        0.25000        0.13811
-0.22500        0.25000        0.13646
-0.22300        0.25000        0.13480
-0.22100        0.25000        0.13313
-0.21900        0.25000        0.13144
-0.21700        0.25000        0.12975
-0.21500        0.25000        0.12805
-0.21300        0.25000        0.12635
-0.21100        0.25000        0.12463
-0.20900        0.25000        0.12292
-0.20700        0.25000        0.12119
-0.20500        0.25000        0.11946
-0.20300        0.25000        0.11772
-0.20100        0.25000        0.11598
-0.19900        0.25000        0.11423
-0.19700        0.25000        0.11247
-0.19500        0.25000        0.11072
-0.19300        0.25000        0.10897
-0.19100        0.25000        0.10721
-0.18900        0.25000        0.10546
-0.18700        0.25000        0.10370
-0.18500        0.25000        0.10194
-0.18300        0.25000        0.10018
-0.18100        0.25000        0.098423
-0.17900        0.25000        0.096664
-0.17700        0.25000        0.094908
-0.17500        0.25000        0.093157
-0.17300        0.25000        0.091410
-0.17100        0.25000        0.089668
-0.16900        0.25000        0.087931
-0.16700        0.25000        0.086198
-0.16500        0.25000        0.084470
-0.16300        0.25000        0.082746
-0.16100        0.25000        0.081027
-0.15900        0.25000        0.079313
-0.15700        0.25000        0.077608
-0.15500        0.25000        0.075912
-0.15300        0.25000        0.074227
-0.15100        0.25000        0.072551
-0.14900        0.25000        0.070885
-0.14700        0.25000        0.069228
-0.14500        0.25000        0.067581
-0.14300        0.25000        0.065943
-0.14100        0.25000        0.064315
-0.13900        0.25000        0.062698
-0.13700        0.25000        0.061094
-0.13500        0.25000        0.059505
-0.13300        0.25000        0.057930
-0.13100        0.25000        0.056369
-0.12900        0.25000        0.054822
-0.12700        0.25000        0.053290
-0.12500        0.25000        0.051772
-0.12300        0.25000        0.050268
-0.12100        0.25000        0.048778
-0.11900        0.25000        0.047303
-0.11700        0.25000        0.045846
-0.11500        0.25000        0.044408
-0.11300        0.25000        0.042987
-0.11100        0.25000        0.041585
-0.10900        0.25000        0.040202
-0.10700        0.25000        0.038836
-0.10500        0.25000        0.037489
-0.10300        0.25000        0.036160
-0.10100        0.25000        0.034850
-0.099000       0.25000        0.033558
-0.097000       0.25000        0.032288
-0.095000       0.25000        0.031040
-0.093000       0.25000        0.029813
-0.091000       0.25000        0.028608
-0.089000       0.25000        0.027424
-0.087000       0.25000        0.026263
-0.085000       0.25000        0.025123
-0.083000       0.25000        0.024004
-0.081000       0.25000        0.022908
-0.079000       0.25000        0.021833
-0.077000       0.25000        0.020783
-0.075000       0.25000        0.019758
-0.073000       0.25000        0.018756
-0.071000       0.25000        0.017780
-0.069000       0.25000        0.016827
-0.067000       0.25000        0.015899
-0.065000       0.25000        0.014996
-0.063000       0.25000        0.014117
-0.061000       0.25000        0.013262
-0.059000       0.25000        0.012433
-0.057000       0.25000        0.011629
-0.055000       0.25000        0.010853
-0.053000       0.25000        0.010102
-0.051000       0.25000        0.0093785
-0.049000       0.25000        0.0086812
-0.047000       0.25000        0.0080103
-0.045000       0.25000        0.0073660
-0.043000       0.25000        0.0067481
-0.041000       0.25000        0.0061568
-0.039000       0.25000        0.0055923
-0.037000       0.25000        0.0050557
-0.035000       0.25000        0.0045469
-0.033000       0.25000        0.0040660
-0.031000       0.25000        0.0036130
-0.029000       0.25000        0.0031878
-0.027000       0.25000        0.0027904
-0.025000       0.25000        0.0024209
-0.023000       0.25000        0.0020793
-0.021000       0.25000        0.0017655
-0.019000       0.25000        0.0014798
-0.017000       0.25000        0.0012228
-0.015000       0.25000        9.9438E-4
-0.013000       0.25000        7.9446E-4
-0.011000       0.25000        6.2306E-4
-0.0090000      0.25000        4.8020E-4
-0.0070000      0.25000        3.6586E-4
-0.0050000      0.25000        2.8005E-4
-0.0030000      0.25000        2.2277E-4
-0.0010000      0.25000        1.9401E-4
0.0010000       0.25000        1.9401E-4
0.0030000       0.25000        2.2277E-4
0.0050000       0.25000        2.8005E-4
0.0070000       0.25000        3.6586E-4
0.0090000       0.25000        4.8020E-4
0.011000        0.25000        6.2306E-4
0.013000        0.25000        7.9446E-4
0.015000        0.25000        9.9438E-4
0.017000        0.25000        0.0012228
0.019000        0.25000        0.0014798
0.021000        0.25000        0.0017655
0.023000        0.25000        0.0020793
0.025000        0.25000        0.0024209
0.027000        0.25000        0.0027904
0.029000        0.25000        0.0031878
0.031000        0.25000        0.0036130
0.033000        0.25000        0.0040660
0.035000        0.25000        0.0045469
0.037000        0.25000        0.0050557
0.039000        0.25000        0.0055923
0.041000        0.25000        0.0061568
0.043000        0.25000        0.0067481
0.045000        0.25000        0.0073660
0.047000        0.25000        0.0080103
0.049000        0.25000        0.0086812
0.051000        0.25000        0.0093785
0.053000        0.25000        0.010102
0.055000        0.25000        0.010853
0.057000        0.25000        0.011629
0.059000        0.25000        0.012433
0.061000        0.25000        0.013262
0.063000        0.25000        0.014117
0.065000        0.25000        0.014996
0.067000        0.25000        0.015899
0.069000        0.25000        0.016827
0.071000        0.25000        0.017780
0.073000        0.25000        0.018756
0.075000        0.25000        0.019758
0.077000        0.25000        0.020783
0.079000        0.25000        0.021833
0.081000        0.25000        0.022908
0.083000        0.25000        0.024004
0.085000        0.25000        0.025123
0.087000        0.25000        0.026263
0.089000        0.25000        0.027424
0.091000        0.25000        0.028608
0.093000        0.25000        0.029813
0.095000        0.25000        0.031040
0.097000        0.25000        0.032288
0.099000        0.25000        0.033558
0.10100         0.25000        0.034850
0.10300         0.25000        0.036160
0.10500         0.25000        0.037489
0.10700         0.25000        0.038836
0.10900         0.25000        0.040202
0.11100         0.25000        0.041585
0.11300         0.25000        0.042987
0.11500         0.25000        0.044408
0.11700         0.25000        0.045846
0.11900         0.25000        0.047303
0.12100         0.25000        0.048778
0.12300         0.25000        0.050268
0.12500         0.25000        0.051772
0.12700         0.25000        0.053290
0.12900         0.25000        0.054822
0.13100         0.25000        0.056369
0.13300         0.25000        0.057930
0.13500         0.25000        0.059505
0.13700         0.25000        0.061094
0.13900         0.25000        0.062698
0.14100         0.25000        0.064315
0.14300         0.25000        0.065943
0.14500         0.25000        0.067581
0.14700         0.25000        0.069228
0.14900         0.25000        0.070885
0.15100         0.25000        0.072551
0.15300         0.25000        0.074227
0.15500         0.25000        0.075912
0.15700         0.25000        0.077608
0.15900         0.25000        0.079313
0.16100         0.25000        0.081027
0.16300         0.25000        0.082746
0.16500         0.25000        0.084470
0.16700         0.25000        0.086198
0.16900         0.25000        0.087931
0.17100         0.25000        0.089668
0.17300         0.25000        0.091410
0.17500         0.25000        0.093157
0.17700         0.25000        0.094908
0.17900         0.25000        0.096664
0.18100         0.25000        0.098423
0.18300         0.25000        0.10018
0.18500         0.25000        0.10194
0.18700         0.25000        0.10370
0.18900         0.25000        0.10546
0.19100         0.25000        0.10721
0.19300         0.25000        0.10897
0.19500         0.25000        0.11072
0.19700         0.25000        0.11247
0.19900         0.25000        0.11423
0.20100         0.25000        0.11598
0.20300         0.25000        0.11772
0.20500         0.25000        0.11946
0.20700         0.25000        0.12119
0.20900         0.25000        0.12292
0.21100         0.25000        0.12463
0.21300         0.25000        0.12635
0.21500         0.25000        0.12805
0.21700         0.25000        0.12975
0.21900         0.25000        0.13144
0.22100         0.25000        0.13313
0.22300         0.25000        0.13480
0.22500         0.25000        0.13646
0.22700         0.25000        0.13811
0.22900         0.25000        0.13974
0.23100         0.25000        0.14137
0.23300         0.25000        0.14298
0.23500         0.25000        0.14458
0.23700         0.25000        0.14616
0.23900         0.25000        0.14774
0.24100         0.25000        0.14930
0.24300         0.25000        0.15084
0.24500         0.25000        0.15236
0.24700         0.25000        0.15387
0.24900         0.25000        0.15536
0.25100         0.25000        0.15683
0.25300         0.25000        0.15828
0.25500         0.25000        0.15971
0.25700         0.25000        0.16113
0.25900         0.25000        0.16252
0.26100         0.25000        0.16390
0.26300         0.25000        0.16526
0.26500         0.25000        0.16659
0.26700         0.25000        0.16789
0.26900         0.25000        0.16917
0.27100         0.25000        0.17043
0.27300         0.25000        0.17167
0.27500         0.25000        0.17288
0.27700         0.25000        0.17406
0.27900         0.25000        0.17522
0.28100         0.25000        0.17636
0.28300         0.25000        0.17747
0.28500         0.25000        0.17854
0.28700         0.25000        0.17959
0.28900         0.25000        0.18061
0.29100         0.25000        0.18160
0.29300         0.25000        0.18255
0.29500         0.25000        0.18348
0.29700         0.25000        0.18438
0.29900         0.25000        0.18525
0.30100         0.25000        0.18608
0.30300         0.25000        0.18689
0.30500         0.25000        0.18765
0.30700         0.25000        0.18838
0.30900         0.25000        0.18908
0.31100         0.25000        0.18974
0.31300         0.25000        0.19036
0.31500         0.25000        0.19095
0.31700         0.25000        0.19150
0.31900         0.25000        0.19202
0.32100         0.25000        0.19250
0.32300         0.25000        0.19294
0.32500         0.25000        0.19333
0.32700         0.25000        0.19369
0.32900         0.25000        0.19400
0.33100         0.25000        0.19428
0.33300         0.25000        0.19451
0.33500         0.25000        0.19469
0.33700         0.25000        0.19484
0.33900         0.25000        0.19495
0.34100         0.25000        0.19501
0.34300         0.25000        0.19503
0.34500         0.25000        0.19499
0.34700         0.25000        0.19491
0.34900         0.25000        0.19479
0.35100         0.25000        0.19461
0.35300         0.25000        0.19439
0.35500         0.25000        0.19412
0.35700         0.25000        0.19380
0.35900         0.25000        0.19343
0.36100         0.25000        0.19302
0.36300         0.25000        0.19255
0.36500         0.25000        0.19203
0.36700         0.25000        0.19145
0.36900         0.25000        0.19082
0.37100         0.25000        0.19013
0.37300         0.25000        0.18939
0.37500         0.25000        0.18860
0.37700         0.25000        0.18775
0.37900         0.25000        0.18685
0.38100         0.25000        0.18589
0.38300         0.25000        0.18487
0.38500         0.25000        0.18379
0.38700         0.25000        0.18265
0.38900         0.25000        0.18145
0.39100         0.25000        0.18018
0.39300         0.25000        0.17886
0.39500         0.25000        0.17747
0.39700         0.25000        0.17603
0.39900         0.25000        0.17452
0.40100         0.25000        0.17295
0.40300         0.25000        0.17131
0.40500         0.25000        0.16960
0.40700         0.25000        0.16783
0.40900         0.25000        0.16599
0.41100         0.25000        0.16408
0.41300         0.25000        0.16210
0.41500         0.25000        0.16005
0.41700         0.25000        0.15793
0.41900         0.25000        0.15575
0.42100         0.25000        0.15349
0.42300         0.25000        0.15116
0.42500         0.25000        0.14876
0.42700         0.25000        0.14627
0.42900         0.25000        0.14372
0.43100         0.25000        0.14108
0.43300         0.25000        0.13838
0.43500         0.25000        0.13559
0.43700         0.25000        0.13273
0.43900         0.25000        0.12979
0.44100         0.25000        0.12678
0.44300         0.25000        0.12368
0.44500         0.25000        0.12051
0.44700         0.25000        0.11724
0.44900         0.25000        0.11390
0.45100         0.25000        0.11047
0.45300         0.25000        0.10696
0.45500         0.25000        0.10337
0.45700         0.25000        0.099697
0.45900         0.25000        0.095939
0.46100         0.25000        0.092096
0.46300         0.25000        0.088166
0.46500         0.25000        0.084147
0.46700         0.25000        0.080040
0.46900         0.25000        0.075845
0.47100         0.25000        0.071561
0.47300         0.25000        0.067190
0.47500         0.25000        0.062730
0.47700         0.25000        0.058183
0.47900         0.25000        0.053547
0.48100         0.25000        0.048821
0.48300         0.25000        0.044003
0.48500         0.25000        0.039095
0.48700         0.25000        0.034096
0.48900         0.25000        0.029007
0.49100         0.25000        0.023828
0.49300         0.25000        0.018558
0.49500         0.25000        0.013199
0.49700         0.25000        0.0077486
0.49900         0.25000        0.0022082
0.50100         0.25000        -0.0034250
0.50300         0.25000        -0.0091487
0.50500         0.25000        -0.014959
0.50700         0.25000        -0.020857
0.50900         0.25000        -0.026842
0.51100         0.25000        -0.032915
0.51300         0.25000        -0.039074
0.51500         0.25000        -0.045320
0.51700         0.25000        -0.051654
0.51900         0.25000        -0.058075
0.52100         0.25000        -0.064585
0.52300         0.25000        -0.071177
0.52500         0.25000        -0.077845
0.52700         0.25000        -0.084590
0.52900         0.25000        -0.091411
0.53100         0.25000        -0.098309
0.53300         0.25000        -0.10528
0.53500         0.25000        -0.11233
0.53700         0.25000        -0.11946
0.53900         0.25000        -0.12666
0.54100         0.25000        -0.13395
0.54300         0.25000        -0.14129
0.54500         0.25000        -0.14869
0.54700         0.25000        -0.15615
0.54900         0.25000        -0.16367
0.55100         0.25000        -0.17124
0.55300         0.25000        -0.17887
0.55500         0.25000        -0.18656
0.55700         0.25000        -0.19430
0.55900         0.25000        -0.20210
0.56100         0.25000        -0.20996
0.56300         0.25000        -0.21785
0.56500         0.25000        -0.22578
0.56700         0.25000        -0.23373
0.56900         0.25000        -0.24172
0.57100         0.25000        -0.24973
0.57300         0.25000        -0.25777
0.57500         0.25000        -0.26585
0.57700         0.25000        -0.27395
0.57900         0.25000        -0.28208
0.58100         0.25000        -0.29024
0.58300         0.25000        -0.29841
0.58500         0.25000        -0.30657
0.58700         0.25000        -0.31473
0.58900         0.25000        -0.32289
0.59100         0.25000        -0.33105
0.59300         0.25000        -0.33920
0.59500         0.25000        -0.34736
0.59700         0.25000        -0.35552
0.59900         0.25000        -0.36367
0.60100         0.25000        -0.37182
0.60300         0.25000        -0.37994
0.60500         0.25000        -0.38802
0.60700         0.25000        -0.39608
0.60900         0.25000        -0.40411
0.61100         0.25000        -0.41211
0.61300         0.25000        -0.42007
0.61500         0.25000        -0.42801
0.61700         0.25000        -0.43591
0.61900         0.25000        -0.44379
0.62100         0.25000        -0.45163
0.62300         0.25000        -0.45941
0.62500         0.25000        -0.46714
0.62700         0.25000        -0.47482
0.62900         0.25000        -0.48245
0.63100         0.25000        -0.49003
0.63300         0.25000        -0.49755
0.63500         0.25000        -0.50502
0.63700         0.25000        -0.51243
0.63900         0.25000        -0.51980
0.64100         0.25000        -0.52710
0.64300         0.25000        -0.53434
0.64500         0.25000        -0.54152
0.64700         0.25000        -0.54862
0.64900         0.25000        -0.55566
0.65100         0.25000        -0.56264
0.65300         0.25000        -0.56955
0.65500         0.25000        -0.57640
0.65700         0.25000        -0.58318
0.65900         0.25000        -0.58990
0.66100         0.25000        -0.59654
0.66300         0.25000        -0.60312
0.66500         0.25000        -0.60962
0.66700         0.25000        -0.61605
0.66900         0.25000        -0.62242
0.67100         0.25000        -0.62871
0.67300         0.25000        -0.63494
0.67500         0.25000        -0.64109
0.67700         0.25000        -0.64717
0.67900         0.25000        -0.65319
0.68100         0.25000        -0.65913
0.68300         0.25000        -0.66500
0.68500         0.25000        -0.67081
0.68700         0.25000        -0.67654
0.68900         0.25000        -0.68221
0.69100         0.25000        -0.68780
0.69300         0.25000        -0.69333
0.69500         0.25000        -0.69878
0.69700         0.25000        -0.70417
0.69900         0.25000        -0.70949
0.70100         0.25000        -0.71474
0.70300         0.25000        -0.71992
0.70500         0.25000        -0.72503
0.70700         0.25000        -0.73008
0.70900         0.25000        -0.73507
0.71100         0.25000        -0.73999
0.71300         0.25000        -0.74484
0.71500         0.25000        -0.74962
0.71700         0.25000        -0.75434
0.71900         0.25000        -0.75900
0.72100         0.25000        -0.76359
0.72300         0.25000        -0.76811
0.72500         0.25000        -0.77258
0.72700         0.25000        -0.77698
0.72900         0.25000        -0.78132
0.73100         0.25000        -0.78560
0.73300         0.25000        -0.78982
0.73500         0.25000        -0.79397
0.73700         0.25000        -0.79807
0.73900         0.25000        -0.80210
0.74100         0.25000        -0.80607
0.74300         0.25000        -0.80999
0.74500         0.25000        -0.81385
0.74700         0.25000        -0.81765
0.74900         0.25000        -0.82139
0.75100         0.25000        -0.82508
0.75300         0.25000        -0.82871
0.75500         0.25000        -0.83228
0.75700         0.25000        -0.83580
0.75900         0.25000        -0.83926
0.76100         0.25000        -0.84267
0.76300         0.25000        -0.84602
0.76500         0.25000        -0.84932
0.76700         0.25000        -0.85257
0.76900         0.25000        -0.85576
0.77100         0.25000        -0.85891
0.77300         0.25000        -0.86200
0.77500         0.25000        -0.86504
0.77700         0.25000        -0.86803
0.77900         0.25000        -0.87097
0.78100         0.25000        -0.87385
0.78300         0.25000        -0.87669
0.78500         0.25000        -0.87948
0.78700         0.25000        -0.88223
0.78900         0.25000        -0.88493
0.79100         0.25000        -0.88758
0.79300         0.25000        -0.89019
0.79500         0.25000        -0.89275
0.79700         0.25000        -0.89526
0.79900         0.25000        -0.89773
0.80100         0.25000        -0.90015
0.80300         0.25000        -0.90253
0.80500         0.25000        -0.90487
0.80700         0.25000        -0.90716
0.80900         0.25000        -0.90942
0.81100         0.25000        -0.91163
0.81300         0.25000        -0.91381
0.81500         0.25000        -0.91594
0.81700         0.25000        -0.91803
0.81900         0.25000        -0.92008
0.82100         0.25000        -0.92209
0.82300         0.25000        -0.92406
0.82500         0.25000        -0.92600
0.82700         0.25000        -0.92790
0.82900         0.25000        -0.92976
0.83100         0.25000        -0.93159
0.83300         0.25000        -0.93338
0.83500         0.25000        -0.93514
0.83700         0.25000        -0.93686
0.83900         0.25000        -0.93855
0.84100         0.25000        -0.94019
0.84300         0.25000        -0.94181
0.84500         0.25000        -0.94340
0.84700         0.25000        -0.94496
0.84900         0.25000        -0.94648
0.85100         0.25000        -0.94797
0.85300         0.25000        -0.94944
0.85500         0.25000        -0.95087
0.85700         0.25000        -0.95227
0.85900         0.25000        -0.95364
0.86100         0.25000        -0.95498
0.86300         0.25000        -0.95629
0.86500         0.25000        -0.95758
0.86700         0.25000        -0.95884
0.86900         0.25000        -0.96007
0.87100         0.25000        -0.96128
0.87300         0.25000        -0.96246
0.87500         0.25000        -0.96362
0.87700         0.25000        -0.96474
0.87900         0.25000        -0.96584
0.88100         0.25000        -0.96692
0.88300         0.25000        -0.96797
0.88500         0.25000        -0.96900
0.88700         0.25000        -0.97001
0.88900         0.25000        -0.97100
0.89100         0.25000        -0.97196
0.89300         0.25000        -0.97291
0.89500         0.25000        -0.97383
0.89700         0.25000        -0.97472
0.89900         0.25000        -0.97560
0.90100         0.25000        -0.97645
0.90300         0.25000        -0.97729
0.90500         0.25000        -0.97810
0.90700         0.25000        -0.97890
0.90900         0.25000        -0.97968
0.91100         0.25000        -0.98044
0.91300         0.25000        -0.98118
0.91500         0.25000        -0.98190
0.91700         0.25000        -0.98261
0.91900         0.25000        -0.98329
0.92100         0.25000        -0.98396
0.92300         0.25000        -0.98462
0.92500         0.25000        -0.98525
0.92700         0.25000        -0.98587
0.92900         0.25000        -0.98648
0.93100         0.25000        -0.98707
0.93300         0.25000        -0.98765
0.93500         0.25000        -0.98821
0.93700         0.25000        -0.98875
0.93900         0.25000        -0.98928
0.94100         0.25000        -0.98980
0.94300         0.25000        -0.99030
0.94500         0.25000        -0.99079
0.94700         0.25000        -0.99126
0.94900         0.25000        -0.99173
0.95100         0.25000        -0.99218
0.95300         0.25000        -0.99262
0.95500         0.25000        -0.99305
0.95700         0.25000        -0.99347
0.95900         0.25000        -0.99387
0.96100         0.25000        -0.99426
0.96300         0.25000        -0.99464
0.96500         0.25000        -0.99500
0.96700         0.25000        -0.99536
0.96900         0.25000        -0.99570
0.97100         0.25000        -0.99604
0.97300         0.25000        -0.99637
0.97500         0.25000        -0.99669
0.97700         0.25000        -0.99700
0.97900         0.25000        -0.99730
0.98100         0.25000        -0.99763
0.98300         0.25000        -0.99795
0.98500         0.25000        -0.99823
0.98700         0.25000        -0.99846
0.98900         0.25000        -0.99865
0.99100         0.25000        -0.99880
0.99300         0.25000        -0.99890
0.99500         0.25000        -0.99896
0.99700         0.25000        -0.99897
0.99900         0.25000        -0.99894
