-0.99900        0.50000        -0.99992
-0.99700        0.50000        -0.99991
-0.99500        0.50000        -0.99990
-0.99300        0.50000        -0.99989
-0.99100        0.50000        -0.99988
-0.98900        0.50000        -0.99986
-0.98700        0.50000        -0.99985
-0.98500        0.50000        -0.99983
-0.98300        0.50000        -0.99981
-0.98100        0.50000        -0.99978
-0.97900        0.50000        -0.99976
-0.97700        0.50000        -0.99974
-0.97500        0.50000        -0.99971
-0.97300        0.50000        -0.99968
-0.97100        0.50000        -0.99966
-0.96900        0.50000        -0.99963
-0.96700        0.50000        -0.99960
-0.96500        0.50000        -0.99957
-0.96300        0.50000        -0.99954
-0.96100        0.50000        -0.99951
-0.95900        0.50000        -0.99948
-0.95700        0.50000        -0.99945
-0.95500        0.50000        -0.99942
-0.95300        0.50000        -0.99939
-0.95100        0.50000        -0.99935
-0.94900        0.50000        -0.99932
-0.94700        0.50000        -0.99928
-0.94500        0.50000        -0.99924
-0.94300        0.50000        -0.99921
-0.94100        0.50000        -0.99917
-0.93900        0.50000        -0.99913
-0.93700        0.50000        -0.99909
-0.93500        0.50000        -0.99905
-0.93300        0.50000        -0.99901
-0.93100        0.50000        -0.99896
-0.92900        0.50000        -0.99892
-0.92700        0.50000        -0.99888
-0.92500        0.50000        -0.99883
-0.92300        0.50000        -0.99878
-0.92100        0.50000        -0.99873
-0.91900        0.50000        -0.99869
-0.91700        0.50000        -0.99863
-0.91500        0.50000        -0.99858
-0.91300        0.50000        -0.99853
-0.91100        0.50000        -0.99848
-0.90900        0.50000        -0.99842
-0.90700        0.50000        -0.99836
-0.90500        0.50000        -0.99831
-0.90300        0.50000        -0.99825
-0.90100        0.50000        -0.99819
-0.89900        0.50000        -0.99812
-0.89700        0.50000        -0.99806
-0.89500        0.50000        -0.99799
-0.89300        0.50000        -0.99793
-0.89100        0.50000        -0.99786
-0.88900        0.50000        -0.99779
-0.88700        0.50000        -0.99772
-0.88500        0.50000        -0.99764
-0.88300        0.50000        -0.99757
-0.88100        0.50000        -0.99749
-0.87900        0.50000        -0.99741
-0.87700        0.50000        -0.99733
-0.87500        0.50000        -0.99725
-0.87300        0.50000        -0.99716
-0.87100        0.50000        -0.99707
-0.86900        0.50000        -0.99698
-0.86700        0.50000        -0.99689
-0.86500        0.50000        -0.99680
-0.86300        0.50000        -0.99670
-0.86100        0.50000        -0.99660
-0.85900        0.50000        -0.99650
-0.85700        0.50000        -0.99640
-0.85500        0.50000        -0.99629
-0.85300        0.50000        -0.99618
-0.85100        0.50000        -0.99607
-0.84900        0.50000        -0.99595
-0.84700        0.50000        -0.99583
-0.84500        0.50000        -0.99571
-0.84300        0.50000        -0.99558
-0.84100        0.50000        -0.99545
-0.83900        0.50000        -0.99532
-0.83700        0.50000        -0.99519
-0.83500        0.50000        -0.99505
-0.83300        0.50000        -0.99491
-0.83100        0.50000        -0.99476
-0.82900        0.50000        -0.99461
-0.82700        0.50000        -0.99445
-0.82500        0.50000        -0.99429
-0.82300        0.50000        -0.99412
-0.82100        0.50000        -0.99396
-0.81900        0.50000        -0.99378
-0.81700        0.50000        -0.99360
-0.81500        0.50000        -0.99342
-0.81300        0.50000        -0.99323
-0.81100        0.50000        -0.99304
-0.80900        0.50000        -0.99283
-0.80700        0.50000        -0.99263
-0.80500        0.50000        -0.99241
-0.80300        0.50000        -0.99219
-0.80100        0.50000        -0.99197
-0.79900        0.50000        -0.99174
-0.79700        0.50000        -0.99150
-0.79500        0.50000        -0.99125
-0.79300        0.50000        -0.99100
-0.79100        0.50000        -0.99073
-0.78900        0.50000        -0.99046
-0.78700        0.50000        -0.99018
-0.78500        0.50000        -0.98989
-0.78300        0.50000        -0.98960
-0.78100        0.50000        -0.98929
-0.77900        0.50000        -0.98898
-0.77700        0.50000        -0.98866
-0.77500        0.50000        -0.98832
-0.77300        0.50000        -0.98797
-0.77100        0.50000        -0.98761
-0.76900        0.50000        -0.98724
-0.76700        0.50000        -0.98686
-0.76500        0.50000        -0.98647
-0.76300        0.50000        -0.98606
-0.76100        0.50000        -0.98564
-0.75900        0.50000        -0.98522
-0.75700        0.50000        -0.98477
-0.75500        0.50000        -0.98431
-0.75300        0.50000        -0.98383
-0.75100        0.50000        -0.98334
-0.74900        0.50000        -0.98283
-0.74700        0.50000        -0.98230
-0.74500        0.50000        -0.98176
-0.74300        0.50000        -0.98120
-0.74100        0.50000        -0.98062
-0.73900        0.50000        -0.98003
-0.73700        0.50000        -0.97941
-0.73500        0.50000        -0.97878
-0.73300        0.50000        -0.97811
-0.73100        0.50000        -0.97743
-0.72900        0.50000        -0.97672
-0.72700        0.50000        -0.97598
-0.72500        0.50000        -0.97523
-0.72300        0.50000        -0.97445
-0.72100        0.50000        -0.97364
-0.71900        0.50000        -0.97281
-0.71700        0.50000        -0.97195
-0.71500        0.50000        -0.97106
-0.71300        0.50000        -0.97013
-0.71100        0.50000        -0.96916
-0.70900        0.50000        -0.96816
-0.70700        0.50000        -0.96712
-0.70500        0.50000        -0.96605
-0.70300        0.50000        -0.96494
-0.70100        0.50000        -0.96380
-0.69900        0.50000        -0.96262
-0.69700        0.50000        -0.96140
-0.69500        0.50000        -0.96012
-0.69300        0.50000        -0.95878
-0.69100        0.50000        -0.95740
-0.68900        0.50000        -0.95596
-0.68700        0.50000        -0.95446
-0.68500        0.50000        -0.95291
-0.68300        0.50000        -0.95131
-0.68100        0.50000        -0.94965
-0.67900        0.50000        -0.94794
-0.67700        0.50000        -0.94615
-0.67500        0.50000        -0.94429
-0.67300        0.50000        -0.94235
-0.67100        0.50000        -0.94033
-0.66900        0.50000        -0.93823
-0.66700        0.50000        -0.93605
-0.66500        0.50000        -0.93380
-0.66300        0.50000        -0.93146
-0.66100        0.50000        -0.92905
-0.65900        0.50000        -0.92656
-0.65700        0.50000        -0.92397
-0.65500        0.50000        -0.92128
-0.65300        0.50000        -0.91848
-0.65100        0.50000        -0.91558
-0.64900        0.50000        -0.91258
-0.64700        0.50000        -0.90948
-0.64500        0.50000        -0.90627
-0.64300        0.50000        -0.90296
-0.64100        0.50000        -0.89955
-0.63900        0.50000        -0.89604
-0.63700        0.50000        -0.89241
-0.63500        0.50000        -0.88865
-0.63300        0.50000        -0.88476
-0.63100        0.50000        -0.88073
-0.62900        0.50000        -0.87656
-0.62700        0.50000        -0.87227
-0.62500        0.50000        -0.86784
-0.62300        0.50000        -0.86327
-0.62100        0.50000        -0.85857
-0.61900        0.50000        -0.85376
-0.61700        0.50000        -0.84878
-0.61500        0.50000        -0.84359
-0.61300        0.50000        -0.83820
-0.61100        0.50000        -0.83261
-0.60900        0.50000        -0.82680
-0.60700        0.50000        -0.82080
-0.60500        0.50000        -0.81459
-0.60300        0.50000        -0.80817
-0.60100        0.50000        -0.80155
-0.59900        0.50000        -0.79472
-0.59700        0.50000        -0.78761
-0.59500        0.50000        -0.78016
-0.59300        0.50000        -0.77237
-0.59100        0.50000        -0.76426
-0.58900        0.50000        -0.75582
-0.58700        0.50000        -0.74704
-0.58500        0.50000        -0.73793
-0.58300        0.50000        -0.72849
-0.58100        0.50000        -0.71872
-0.57900        0.50000        -0.70858
-0.57700        0.50000        -0.69798
-0.57500        0.50000        -0.68693
-0.57300        0.50000        -0.67542
-0.57100        0.50000        -0.66347
-0.56900        0.50000        -0.65108
-0.56700        0.50000        -0.63823
-0.56500        0.50000        -0.62493
-0.56300        0.50000        -0.61119
-0.56100        0.50000        -0.59699
-0.55900        0.50000        -0.58227
-0.55700        0.50000        -0.56702
-0.55500        0.50000        -0.55132
-0.55300        0.50000        -0.53519
-0.55100        0.50000        -0.51862
-0.54900        0.50000        -0.50160
-0.54700        0.50000        -0.48415
-0.54500        0.50000        -0.46625
-0.54300        0.50000        -0.44791
-0.54100        0.50000        -0.42914
-0.53900        0.50000        -0.40984
-0.53700        0.50000        -0.39018
-0.53500        0.50000        -0.37030
-0.53300        0.50000        -0.35019
-0.53100        0.50000        -0.32987
-0.52900        0.50000        -0.30932
-0.52700        0.50000        -0.28855
-0.52500        0.50000        -0.26755
-0.52300        0.50000        -0.24633
-0.52100        0.50000        -0.22489
-0.51900        0.50000        -0.20325
-0.51700        0.50000        -0.18169
-0.51500        0.50000        -0.16026
-0.51300        0.50000        -0.13898
-0.51100        0.50000        -0.11784
-0.50900        0.50000        -0.096847
-0.50700        0.50000        -0.075993
-0.50500        0.50000        -0.055282
-0.50300        0.50000        -0.034714
-0.50100        0.50000        -0.014288
-0.49900        0.50000        0.0058669
-0.49700        0.50000        0.025560
-0.49500        0.50000        0.044856
-0.49300        0.50000        0.063754
-0.49100        0.50000        0.082254
-0.48900        0.50000        0.10036
-0.48700        0.50000        0.11806
-0.48500        0.50000        0.13537
-0.48300        0.50000        0.15228
-0.48100        0.50000        0.16879
-0.47900        0.50000        0.18482
-0.47700        0.50000        0.20034
-0.47500        0.50000        0.21543
-0.47300        0.50000        0.23008
-0.47100        0.50000        0.24430
-0.46900        0.50000        0.25809
-0.46700        0.50000        0.27144
-0.46500        0.50000        0.28437
-0.46300        0.50000        0.29686
-0.46100        0.50000        0.30892
-0.45900        0.50000        0.32053
-0.45700        0.50000        0.33176
-0.45500        0.50000        0.34263
-0.45300        0.50000        0.35314
-0.45100        0.50000        0.36330
-0.44900        0.50000        0.37310
-0.44700        0.50000        0.38254
-0.44500        0.50000        0.39163
-0.44300        0.50000        0.40037
-0.44100        0.50000        0.40874
-0.43900        0.50000        0.41678
-0.43700        0.50000        0.42454
-0.43500        0.50000        0.43204
-0.43300        0.50000        0.43928
-0.43100        0.50000        0.44624
-0.42900        0.50000        0.45294
-0.42700        0.50000        0.45938
-0.42500        0.50000        0.46554
-0.42300        0.50000        0.47144
-0.42100        0.50000        0.47708
-0.41900        0.50000        0.48247
-0.41700        0.50000        0.48766
-0.41500        0.50000        0.49266
-0.41300        0.50000        0.49746
-0.41100        0.50000        0.50206
-0.40900        0.50000        0.50648
-0.40700        0.50000        0.51069
-0.40500        0.50000        0.51471
-0.40300        0.50000        0.51853
-0.40100        0.50000        0.52216
-0.39900        0.50000        0.52560
-0.39700        0.50000        0.52890
-0.39500        0.50000        0.53206
-0.39300        0.50000        0.53506
-0.39100        0.50000        0.53792
-0.38900        0.50000        0.54064
-0.38700        0.50000        0.54320
-0.38500        0.50000        0.54562
-0.38300        0.50000        0.54789
-0.38100        0.50000        0.55001
-0.37900        0.50000        0.55200
-0.37700        0.50000        0.55387
-0.37500        0.50000        0.55563
-0.37300        0.50000        0.55727
-0.37100        0.50000        0.55879
-0.36900        0.50000        0.56020
-0.36700        0.50000        0.56149
-0.36500        0.50000        0.56267
-0.36300        0.50000        0.56373
-0.36100        0.50000        0.56468
-0.35900        0.50000        0.56552
-0.35700        0.50000        0.56626
-0.35500        0.50000        0.56691
-0.35300        0.50000        0.56746
-0.35100        0.50000        0.56791
-0.34900        0.50000        0.56827
-0.34700        0.50000        0.56853
-0.34500        0.50000        0.56870
-0.34300        0.50000        0.56877
-0.34100        0.50000        0.56874
-0.33900        0.50000        0.56863
-0.33700        0.50000        0.56843
-0.33500        0.50000        0.56814
-0.33300        0.50000        0.56777
-0.33100        0.50000        0.56732
-0.32900        0.50000        0.56678
-0.32700        0.50000        0.56616
-0.32500        0.50000        0.56545
-0.32300        0.50000        0.56466
-0.32100        0.50000        0.56379
-0.31900        0.50000        0.56283
-0.31700        0.50000        0.56180
-0.31500        0.50000        0.56069
-0.31300        0.50000        0.55950
-0.31100        0.50000        0.55823
-0.30900        0.50000        0.55689
-0.30700        0.50000        0.55547
-0.30500        0.50000        0.55397
-0.30300        0.50000        0.55240
-0.30100        0.50000        0.55075
-0.29900        0.50000        0.54902
-0.29700        0.50000        0.54722
-0.29500        0.50000        0.54534
-0.29300        0.50000        0.54339
-0.29100        0.50000        0.54137
-0.28900        0.50000        0.53928
-0.28700        0.50000        0.53711
-0.28500        0.50000        0.53487
-0.28300        0.50000        0.53255
-0.28100        0.50000        0.53017
-0.27900        0.50000        0.52771
-0.27700        0.50000        0.52517
-0.27500        0.50000        0.52257
-0.27300        0.50000        0.51990
-0.27100        0.50000        0.51716
-0.26900        0.50000        0.51435
-0.26700        0.50000        0.51147
-0.26500        0.50000        0.50852
-0.26300        0.50000        0.50550
-0.26100        0.50000        0.50241
-0.25900        0.50000        0.49925
-0.25700        0.50000        0.49602
-0.25500        0.50000        0.49272
-0.25300        0.50000        0.48936
-0.25100        0.50000        0.48594
-0.24900        0.50000        0.48245
-0.24700        0.50000        0.47889
-0.24500        0.50000        0.47527
-0.24300        0.50000        0.47158
-0.24100        0.50000        0.46782
-0.23900        0.50000        0.46400
-0.23700        0.50000        0.46012
-0.23500        0.50000        0.45618
-0.23300        0.50000        0.45217
-0.23100        0.50000        0.44811
-0.22900        0.50000        0.44400
-0.22700        0.50000        0.43982
-0.22500        0.50000        0.43558
-0.22300        0.50000        0.43128
-0.22100        0.50000        0.42693
-0.21900        0.50000        0.42251
-0.21700        0.50000        0.41804
-0.21500        0.50000        0.41353
-0.21300        0.50000        0.40896
-0.21100        0.50000        0.40435
-0.20900        0.50000        0.39969
-0.20700        0.50000        0.39498
-0.20500        0.50000        0.39022
-0.20300        0.50000        0.38541
-0.20100        0.50000        0.38055
-0.19900        0.50000        0.37564
-0.19700        0.50000        0.37070
-0.19500        0.50000        0.36572
-0.19300        0.50000        0.36071
-0.19100        0.50000        0.35567
-0.18900        0.50000        0.35059
-0.18700        0.50000        0.34547
-0.18500        0.50000        0.34033
-0.18300        0.50000        0.33515
-0.18100        0.50000        0.32993
-0.17900        0.50000        0.32469
-0.17700        0.50000        0.31942
-0.17500        0.50000        0.31414
-0.17300        0.50000        0.30885
-0.17100        0.50000        0.30354
-0.16900        0.50000        0.29821
-0.16700        0.50000        0.29287
-0.16500        0.50000        0.28752
-0.16300        0.50000        0.28215
-0.16100        0.50000        0.27677
-0.15900        0.50000        0.27138
-0.15700        0.50000        0.26599
-0.15500        0.50000        0.26060
-0.15300        0.50000        0.25523
-0.15100        0.50000        0.24986
-0.14900        0.50000        0.24450
-0.14700        0.50000        0.23914
-0.14500        0.50000        0.23380
-0.14300        0.50000        0.22846
-0.14100        0.50000        0.22313
-0.13900        0.50000        0.21781
-0.13700        0.50000        0.21252
-0.13500        0.50000        0.20726
-0.13300        0.50000        0.20203
-0.13100        0.50000        0.19683
-0.12900        0.50000        0.19166
-0.12700        0.50000        0.18652
-0.12500        0.50000        0.18142
-0.12300        0.50000        0.17634
-0.12100        0.50000        0.17129
-0.11900        0.50000        0.16628
-0.11700        0.50000        0.16132
-0.11500        0.50000        0.15641
-0.11300        0.50000        0.15156
-0.11100        0.50000        0.14675
-0.10900        0.50000        0.14200
-0.10700        0.50000        0.13730
-0.10500        0.50000        0.13265
-0.10300        0.50000        0.12806
-0.10100        0.50000        0.12351
-0.099000       0.50000        0.11903
-0.097000       0.50000        0.11461
-0.095000       0.50000        0.11026
-0.093000       0.50000        0.10598
-0.091000       0.50000        0.10178
-0.089000       0.50000        0.097639
-0.087000       0.50000        0.093573
-0.085000       0.50000        0.089576
-0.083000       0.50000        0.085650
-0.081000       0.50000        0.081794
-0.079000       0.50000        0.078012
-0.077000       0.50000        0.074314
-0.075000       0.50000        0.070700
-0.073000       0.50000        0.067170
-0.071000       0.50000        0.063723
-0.069000       0.50000        0.060361
-0.067000       0.50000        0.057082
-0.065000       0.50000        0.053887
-0.063000       0.50000        0.050777
-0.061000       0.50000        0.047750
-0.059000       0.50000        0.044809
-0.057000       0.50000        0.041963
-0.055000       0.50000        0.039210
-0.053000       0.50000        0.036550
-0.051000       0.50000        0.033983
-0.049000       0.50000        0.031509
-0.047000       0.50000        0.029129
-0.045000       0.50000        0.026842
-0.043000       0.50000        0.024648
-0.041000       0.50000        0.022547
-0.039000       0.50000        0.020541
-0.037000       0.50000        0.018635
-0.035000       0.50000        0.016828
-0.033000       0.50000        0.015120
-0.031000       0.50000        0.013510
-0.029000       0.50000        0.011999
-0.027000       0.50000        0.010587
-0.025000       0.50000        0.0092739
-0.023000       0.50000        0.0080595
-0.021000       0.50000        0.0069440
-0.019000       0.50000        0.0059286
-0.017000       0.50000        0.0050152
-0.015000       0.50000        0.0042032
-0.013000       0.50000        0.0034926
-0.011000       0.50000        0.0028834
-0.0090000      0.50000        0.0023755
-0.0070000      0.50000        0.0019691
-0.0050000      0.50000        0.0016641
-0.0030000      0.50000        0.0014604
-0.0010000      0.50000        0.0013582
0.0010000       0.50000        0.0013582
0.0030000       0.50000        0.0014604
0.0050000       0.50000        0.0016641
0.0070000       0.50000        0.0019691
0.0090000       0.50000        0.0023755
0.011000        0.50000        0.0028834
0.013000        0.50000        0.0034926
0.015000        0.50000        0.0042032
0.017000        0.50000        0.0050152
0.019000        0.50000        0.0059286
0.021000        0.50000        0.0069440
0.023000        0.50000        0.0080595
0.025000        0.50000        0.0092739
0.027000        0.50000        0.010587
0.029000        0.50000        0.011999
0.031000        0.50000        0.013510
0.033000        0.50000        0.015120
0.035000        0.50000        0.016828
0.037000        0.50000        0.018635
0.039000        0.50000        0.020541
0.041000        0.50000        0.022547
0.043000        0.50000        0.024648
0.045000        0.50000        0.026842
0.047000        0.50000        0.029129
0.049000        0.50000        0.031509
0.051000        0.50000        0.033983
0.053000        0.50000        0.036550
0.055000        0.50000        0.039210
0.057000        0.50000        0.041963
0.059000        0.50000        0.044809
0.061000        0.50000        0.047750
0.063000        0.50000        0.050777
0.065000        0.50000        0.053887
0.067000        0.50000        0.057082
0.069000        0.50000        0.060361
0.071000        0.50000        0.063723
0.073000        0.50000        0.067170
0.075000        0.50000        0.070700
0.077000        0.50000        0.074314
0.079000        0.50000        0.078012
0.081000        0.50000        0.081794
0.083000        0.50000        0.085650
0.085000        0.50000        0.089576
0.087000        0.50000        0.093573
0.089000        0.50000        0.097639
0.091000        0.50000        0.10178
0.093000        0.50000        0.10598
0.095000        0.50000        0.11026
0.097000        0.50000        0.11461
0.099000        0.50000        0.11903
0.10100         0.50000        0.12351
0.10300         0.50000        0.12806
0.10500         0.50000        0.13265
0.10700         0.50000        0.13730
0.10900         0.50000        0.14200
0.11100         0.50000        0.14675
0.11300         0.50000        0.15156
0.11500         0.50000        0.15641
0.11700         0.50000        0.16132
0.11900         0.50000        0.16628
0.12100         0.50000        0.17129
0.12300         0.50000        0.17634
0.12500         0.50000        0.18142
0.12700         0.50000        0.18652
0.12900         0.50000        0.19166
0.13100         0.50000        0.19683
0.13300         0.50000        0.20203
0.13500         0.50000        0.20726
0.13700         0.50000        0.21252
0.13900         0.50000        0.21781
0.14100         0.50000        0.22313
0.14300         0.50000        0.22846
0.14500         0.50000        0.23380
0.14700         0.50000        0.23914
0.14900         0.50000        0.24450
0.15100         0.50000        0.24986
0.15300         0.50000        0.25523
0.15500         0.50000        0.26060
0.15700         0.50000        0.26599
0.15900         0.50000        0.27138
0.16100         0.50000        0.27677
0.16300         0.50000        0.28215
0.16500         0.50000        0.28752
0.16700         0.50000        0.29287
0.16900         0.50000        0.29821
0.17100         0.50000        0.30354
0.17300         0.50000        0.30885
0.17500         0.50000        0.31414
0.17700         0.50000        0.31942
0.17900         0.50000        0.32469
0.18100         0.50000        0.32993
0.18300         0.50000        0.33515
0.18500         0.50000        0.34033
0.18700         0.50000        0.34547
0.18900         0.50000        0.35059
0.19100         0.50000        0.35567
0.19300         0.50000        0.36071
0.19500         0.50000        0.36572
0.19700         0.50000        0.37070
0.19900         0.50000        0.37564
0.20100         0.50000        0.38055
0.20300         0.50000        0.38541
0.20500         0.50000        0.39022
0.20700         0.50000        0.39498
0.20900         0.50000        0.39969
0.21100         0.50000        0.40435
0.21300         0.50000        0.40896
0.21500         0.50000        0.41353
0.21700         0.50000        0.41804
0.21900         0.50000        0.42251
0.22100         0.50000        0.42693
0.22300         0.50000        0.43128
0.22500         0.50000        0.43558
0.22700         0.50000        0.43982
0.22900         0.50000        0.44400
0.23100         0.50000        0.44811
0.23300         0.50000        0.45217
0.23500         0.50000        0.45618
0.23700         0.50000        0.46012
0.23900         0.50000        0.46400
0.24100         0.50000        0.46782
0.24300         0.50000        0.47158
0.24500         0.50000        0.47527
0.24700         0.50000        0.47889
0.24900         0.50000        0.48245
0.25100         0.50000        0.48594
0.25300         0.50000        0.48936
0.25500         0.50000        0.49272
0.25700         0.50000        0.49602
0.25900         0.50000        0.49925
0.26100         0.50000        0.50241
0.26300         0.50000        0.50550
0.26500         0.50000        0.50852
0.26700         0.50000        0.51147
0.26900         0.50000        0.51435
0.27100         0.50000        0.51716
0.27300         0.50000        0.51990
0.27500         0.50000        0.52257
0.27700         0.50000        0.52517
0.27900         0.50000        0.52771
0.28100         0.50000        0.53017
0.28300         0.50000        0.53255
0.28500         0.50000        0.53487
0.28700         0.50000        0.53711
0.28900         0.50000        0.53928
0.29100         0.50000        0.54137
0.29300         0.50000        0.54339
0.29500         0.50000        0.54534
0.29700         0.50000        0.54722
0.29900         0.50000        0.54902
0.30100         0.50000        0.55075
0.30300         0.50000        0.55240
0.30500         0.50000        0.55397
0.30700         0.50000        0.55547
0.30900         0.50000        0.55689
0.31100         0.50000        0.55823
0.31300         0.50000        0.55950
0.31500         0.50000        0.56069
0.31700         0.50000        0.56180
0.31900         0.50000        0.56283
0.32100         0.50000        0.56379
0.32300         0.50000        0.56466
0.32500         0.50000        0.56545
0.32700         0.50000        0.56616
0.32900         0.50000        0.56678
0.33100         0.50000        0.56732
0.33300         0.50000        0.56777
0.33500         0.50000        0.56814
0.33700         0.50000        0.56843
0.33900         0.50000        0.56863
0.34100         0.50000        0.56874
0.34300         0.50000        0.56877
0.34500         0.50000        0.56870
0.34700         0.50000        0.56853
0.34900         0.50000        0.56827
0.35100         0.50000        0.56791
0.35300         0.50000        0.56746
0.35500         0.50000        0.56691
0.35700         0.50000        0.56626
0.35900         0.50000        0.56552
0.36100         0.50000        0.56468
0.36300         0.50000        0.56373
0.36500         0.50000        0.56267
0.36700         0.50000        0.56149
0.36900         0.50000        0.56020
0.37100         0.50000        0.55879
0.37300         0.50000        0.55727
0.37500         0.50000        0.55563
0.37700         0.50000        0.55387
0.37900         0.50000        0.55200
0.38100         0.50000        0.55001
0.38300         0.50000        0.54789
0.38500         0.50000        0.54562
0.38700         0.50000        0.54320
0.38900         0.50000        0.54064
0.39100         0.50000        0.53792
0.39300         0.50000        0.53506
0.39500         0.50000        0.53206
0.39700         0.50000        0.52890
0.39900         0.50000        0.52560
0.40100         0.50000        0.52216
0.40300         0.50000        0.51853
0.40500         0.50000        0.51471
0.40700         0.50000        0.51069
0.40900         0.50000        0.50648
0.41100         0.50000        0.50206
0.41300         0.50000        0.49746
0.41500         0.50000        0.49266
0.41700         0.50000        0.48766
0.41900         0.50000        0.48247
0.42100         0.50000        0.47708
0.42300         0.50000        0.47144
0.42500         0.50000        0.46554
0.42700         0.50000        0.45938
0.42900         0.50000        0.45294
0.43100         0.50000        0.44624
0.43300         0.50000        0.43928
0.43500         0.50000        0.43204
0.43700         0.50000        0.42454
0.43900         0.50000        0.41678
0.44100         0.50000        0.40874
0.44300         0.50000        0.40037
0.44500         0.50000        0.39163
0.44700         0.50000        0.38254
0.44900         0.50000        0.37310
0.45100         0.50000        0.36330
0.45300         0.50000        0.35314
0.45500         0.50000        0.34263
0.45700         0.50000        0.33176
0.45900         0.50000        0.32053
0.46100         0.50000        0.30892
0.46300         0.50000        0.29686
0.46500         0.50000        0.28437
0.46700         0.50000        0.27144
0.46900         0.50000        0.25809
0.47100         0.50000        0.24430
0.47300         0.50000        0.23008
0.47500         0.50000        0.21543
0.47700         0.50000        0.20034
0.47900         0.50000        0.18482
0.48100         0.50000        0.16879
0.48300         0.50000        0.15228
0.48500         0.50000        0.13537
0.48700         0.50000        0.11806
0.48900         0.50000        0.10036
0.49100         0.50000        0.082254
0.49300         0.50000        0.063754
0.49500         0.50000        0.044856
0.49700         0.50000        0.025560
0.49900         0.50000        0.0058669
0.50100         0.50000        -0.014288
0.50300         0.50000        -0.034714
0.50500         0.50000        -0.055282
0.50700         0.50000        -0.075993
0.50900         0.50000        -0.096847
0.51100         0.50000        -0.11784
0.51300         0.50000        -0.13898
0.51500         0.50000        -0.16026
0.51700         0.50000        -0.18169
0.51900         0.50000        -0.20325
0.52100         0.50000        -0.22489
0.52300         0.50000        -0.24633
0.52500         0.50000        -0.26755
0.52700         0.50000        -0.28855
0.52900         0.50000        -0.30932
0.53100         0.50000        -0.32987
0.53300         0.50000        -0.35019
0.53500         0.50000        -0.37030
0.53700         0.50000        -0.39018
0.53900         0.50000        -0.40984
0.54100         0.50000        -0.42914
0.54300         0.50000        -0.44791
0.54500         0.50000        -0.46625
0.54700         0.50000        -0.48415
0.54900         0.50000        -0.50160
0.55100         0.50000        -0.51862
0.55300         0.50000        -0.53519
0.55500         0.50000        -0.55132
0.55700         0.50000        -0.56702
0.55900         0.50000        -0.58227
0.56100         0.50000        -0.59699
0.56300         0.50000        -0.61119
0.56500         0.50000        -0.62493
0.56700         0.50000        -0.63823
0.56900         0.50000        -0.65108
0.57100         0.50000        -0.66347
0.57300         0.50000        -0.67542
0.57500         0.50000        -0.68693
0.57700         0.50000        -0.69798
0.57900         0.50000        -0.70858
0.58100         0.50000        -0.71872
0.58300         0.50000        -0.72849
0.58500         0.50000        -0.73793
0.58700         0.50000        -0.74704
0.58900         0.50000        -0.75582
0.59100         0.50000        -0.76426
0.59300         0.50000        -0.77237
0.59500         0.50000        -0.78016
0.59700         0.50000        -0.78761
0.59900         0.50000        -0.79472
0.60100         0.50000        -0.80155
0.60300         0.50000        -0.80817
0.60500         0.50000        -0.81459
0.60700         0.50000        -0.82080
0.60900         0.50000        -0.82680
0.61100         0.50000        -0.83261
0.61300         0.50000        -0.83820
0.61500         0.50000        -0.84359
0.61700         0.50000        -0.84878
0.61900         0.50000        -0.85376
0.62100         0.50000        -0.85857
0.62300         0.50000        -0.86327
0.62500         0.50000        -0.86784
0.62700         0.50000        -0.87227
0.62900         0.50000        -0.87656
0.63100         0.50000        -0.88073
0.63300         0.50000        -0.88476
0.63500         0.50000        -0.88865
0.63700         0.50000        -0.89241
0.63900         0.50000        -0.89604
0.64100         0.50000        -0.89955
0.64300         0.50000        -0.90296
0.64500         0.50000        -0.90627
0.64700         0.50000        -0.90948
0.64900         0.50000        -0.91258
0.65100         0.50000        -0.91558
0.65300         0.50000        -0.91848
0.65500         0.50000        -0.92128
0.65700         0.50000        -0.92397
0.65900         0.50000        -0.92656
0.66100         0.50000        -0.92905
0.66300         0.50000        -0.93146
0.66500         0.50000        -0.93380
0.66700         0.50000        -0.93605
0.66900         0.50000        -0.93823
0.67100         0.50000        -0.94033
0.67300         0.50000        -0.94235
0.67500         0.50000        -0.94429
0.67700         0.50000        -0.94615
0.67900         0.50000        -0.94794
0.68100         0.50000        -0.94965
0.68300         0.50000        -0.95131
0.68500         0.50000        -0.95291
0.68700         0.50000        -0.95446
0.68900         0.50000        -0.95596
0.69100         0.50000        -0.95740
0.69300         0.50000        -0.95878
0.69500         0.50000        -0.96012
0.69700         0.50000        -0.96140
0.69900         0.50000        -0.96262
0.70100         0.50000        -0.96380
0.70300         0.50000        -0.96494
0.70500         0.50000        -0.96605
0.70700         0.50000        -0.96712
0.70900         0.50000        -0.96816
0.71100         0.50000        -0.96916
0.71300         0.50000        -0.97013
0.71500         0.50000        -0.97106
0.71700         0.50000        -0.97195
0.71900         0.50000        -0.97281
0.72100         0.50000        -0.97364
0.72300         0.50000        -0.97445
0.72500         0.50000        -0.97523
0.72700         0.50000        -0.97598
0.72900         0.50000        -0.97672
0.73100         0.50000        -0.97743
0.73300         0.50000        -0.97811
0.73500         0.50000        -0.97878
0.73700         0.50000        -0.97941
0.73900         0.50000        -0.98003
0.74100         0.50000        -0.98062
0.74300         0.50000        -0.98120
0.74500         0.50000        -0.98176
0.74700         0.50000        -0.98230
0.74900         0.50000        -0.98283
0.75100         0.50000        -0.98334
0.75300         0.50000        -0.98383
0.75500         0.50000        -0.98431
0.75700         0.50000        -0.98477
0.75900         0.50000        -0.98522
0.76100         0.50000        -0.98564
0.76300         0.50000        -0.98606
0.76500         0.50000        -0.98647
0.76700         0.50000        -0.98686
0.76900         0.50000        -0.98724
0.77100         0.50000        -0.98761
0.77300         0.50000        -0.98797
0.77500         0.50000        -0.98832
0.77700         0.50000        -0.98866
0.77900         0.50000        -0.98898
0.78100         0.50000        -0.98929
0.78300         0.50000        -0.98960
0.78500         0.50000        -0.98989
0.78700         0.50000        -0.99018
0.78900         0.50000        -0.99046
0.79100         0.50000        -0.99073
0.79300         0.50000        -0.99100
0.79500         0.50000        -0.99125
0.79700         0.50000        -0.99150
0.79900         0.50000        -0.99174
0.80100         0.50000        -0.99197
0.80300         0.50000        -0.99219
0.80500         0.50000        -0.99241
0.80700         0.50000        -0.99263
0.80900         0.50000        -0.99283
0.81100         0.50000        -0.99304
0.81300         0.50000        -0.99323
0.81500         0.50000        -0.99342
0.81700         0.50000        -0.99360
0.81900         0.50000        -0.99378
0.82100         0.50000        -0.99396
0.82300         0.50000        -0.99412
0.82500         0.50000        -0.99429
0.82700         0.50000        -0.99445
0.82900         0.50000        -0.99461
0.83100         0.50000        -0.99476
0.83300         0.50000        -0.99491
0.83500         0.50000        -0.99505
0.83700         0.50000        -0.99519
0.83900         0.50000        -0.99532
0.84100         0.50000        -0.99545
0.84300         0.50000        -0.99558
0.84500         0.50000        -0.99571
0.84700         0.50000        -0.99583
0.84900         0.50000        -0.99595
0.85100         0.50000        -0.99607
0.85300         0.50000        -0.99618
0.85500         0.50000        -0.99629
0.85700         0.50000        -0.99640
0.85900         0.50000        -0.99650
0.86100         0.50000        -0.99660
0.86300         0.50000        -0.99670
0.86500         0.50000        -0.99680
0.86700         0.50000        -0.99689
0.86900         0.50000        -0.99698
0.87100         0.50000        -0.99707
0.87300         0.50000        -0.99716
0.87500         0.50000        -0.99725
0.87700         0.50000        -0.99733
0.87900         0.50000        -0.99741
0.88100         0.50000        -0.99749
0.88300         0.50000        -0.99757
0.88500         0.50000        -0.99764
0.88700         0.50000        -0.99772
0.88900         0.50000        -0.99779
0.89100         0.50000        -0.99786
0.89300         0.50000        -0.99793
0.89500         0.50000        -0.99799
0.89700         0.50000        -0.99806
0.89900         0.50000        -0.99812
0.90100         0.50000        -0.99819
0.90300         0.50000        -0.99825
0.90500         0.50000        -0.99831
0.90700         0.50000        -0.99836
0.90900         0.50000        -0.99842
0.91100         0.50000        -0.99848
0.91300         0.50000        -0.99853
0.91500         0.50000        -0.99858
0.91700         0.50000        -0.99863
0.91900         0.50000        -0.99869
0.92100         0.50000        -0.99873
0.92300         0.50000        -0.99878
0.92500         0.50000        -0.99883
0.92700         0.50000        -0.99888
0.92900         0.50000        -0.99892
0.93100         0.50000        -0.99896
0.93300         0.50000        -0.99901
0.93500         0.50000        -0.99905
0.93700         0.50000        -0.99909
0.93900         0.50000        -0.99913
0.94100         0.50000        -0.99917
0.94300         0.50000        -0.99921
0.94500         0.50000        -0.99924
0.94700         0.50000        -0.99928
0.94900         0.50000        -0.99932
0.95100         0.50000        -0.99935
0.95300         0.50000        -0.99939
0.95500         0.50000        -0.99942
0.95700         0.50000        -0.99945
0.95900         0.50000        -0.99948
0.96100         0.50000        -0.99951
0.96300         0.50000        -0.99954
0.96500         0.50000        -0.99957
0.96700         0.50000        -0.99960
0.96900         0.50000        -0.99963
0.97100         0.50000        -0.99966
0.97300         0.50000        -0.99968
0.97500         0.50000        -0.99971
0.97700         0.50000        -0.99974
0.97900         0.50000        -0.99976
0.98100         0.50000        -0.99978
0.98300         0.50000        -0.99981
0.98500         0.50000        -0.99983
0.98700         0.50000        -0.99985
0.98900         0.50000        -0.99986
0.99100         0.50000        -0.99988
0.99300         0.50000        -0.99989
0.99500         0.50000        -0.99990
0.99700         0.50000        -0.99991
0.99900         0.50000        -0.99992
