-0.99900        1.0000         -1.0000
-0.99700        1.0000         -1.0000
-0.99500        1.0000         -1.0000
-0.99300        1.0000         -1.0000
-0.99100        1.0000         -1.0000
-0.98900        1.0000         -1.0000
-0.98700        1.0000         -1.0000
-0.98500        1.0000         -1.0000
-0.98300        1.0000         -1.0000
-0.98100        1.0000         -1.0000
-0.97900        1.0000         -1.0000
-0.97700        1.0000         -1.0000
-0.97500        1.0000         -1.0000
-0.97300        1.0000         -1.0000
-0.97100        1.0000         -1.0000
-0.96900        1.0000         -1.0000
-0.96700        1.0000         -1.0000
-0.96500        1.0000         -1.0000
-0.96300        1.0000         -1.0000
-0.96100        1.0000         -0.99999
-0.95900        1.0000         -0.99999
-0.95700        1.0000         -0.99999
-0.95500        1.0000         -0.99999
-0.95300        1.0000         -0.99999
-0.95100        1.0000         -0.99999
-0.94900        1.0000         -0.99999
-0.94700        1.0000         -0.99999
-0.94500        1.0000         -0.99999
-0.94300        1.0000         -0.99999
-0.94100        1.0000         -0.99999
-0.93900        1.0000         -0.99999
-0.93700        1.0000         -0.99999
-0.93500        1.0000         -0.99999
-0.93300        1.0000         -0.99999
-0.93100        1.0000         -0.99999
-0.92900        1.0000         -0.99999
-0.92700        1.0000         -0.99999
-0.92500        1.0000         -0.99999
-0.92300        1.0000         -0.99999
-0.92100        1.0000         -0.99999
-0.91900        1.0000         -0.99999
-0.91700        1.0000         -0.99999
-0.91500        1.0000         -0.99999
-0.91300        1.0000         -0.99999
-0.91100        1.0000         -0.99998
-0.90900        1.0000         -0.99998
-0.90700        1.0000         -0.99998
-0.90500        1.0000         -0.99998
-0.90300        1.0000         -0.99998
-0.90100        1.0000         -0.99998
-0.89900        1.0000         -0.99998
-0.89700        1.0000         -0.99998
-0.89500        1.0000         -0.99998
-0.89300        1.0000         -0.99998
-0.89100        1.0000         -0.99998
-0.88900        1.0000         -0.99998
-0.88700        1.0000         -0.99998
-0.88500        1.0000         -0.99998
-0.88300        1.0000         -0.99998
-0.88100        1.0000         -0.99998
-0.87900        1.0000         -0.99998
-0.87700        1.0000         -0.99998
-0.87500        1.0000         -0.99997
-0.87300        1.0000         -0.99997
-0.87100        1.0000         -0.99997
-0.86900        1.0000         -0.99997
-0.86700        1.0000         -0.99997
-0.86500        1.0000         -0.99997
-0.86300        1.0000         -0.99997
-0.86100        1.0000         -0.99997
-0.85900        1.0000         -0.99997
-0.85700        1.0000         -0.99997
-0.85500        1.0000         -0.99997
-0.85300        1.0000         -0.99997
-0.85100        1.0000         -0.99997
-0.84900        1.0000         -0.99997
-0.84700        1.0000         -0.99997
-0.84500        1.0000         -0.99996
-0.84300        1.0000         -0.99996
-0.84100        1.0000         -0.99996
-0.83900        1.0000         -0.99996
-0.83700        1.0000         -0.99996
-0.83500        1.0000         -0.99996
-0.83300        1.0000         -0.99996
-0.83100        1.0000         -0.99996
-0.82900        1.0000         -0.99996
-0.82700        1.0000         -0.99996
-0.82500        1.0000         -0.99996
-0.82300        1.0000         -0.99996
-0.82100        1.0000         -0.99996
-0.81900        1.0000         -0.99995
-0.81700        1.0000         -0.99995
-0.81500        1.0000         -0.99995
-0.81300        1.0000         -0.99995
-0.81100        1.0000         -0.99995
-0.80900        1.0000         -0.99995
-0.80700        1.0000         -0.99995
-0.80500        1.0000         -0.99995
-0.80300        1.0000         -0.99995
-0.80100        1.0000         -0.99995
-0.79900        1.0000         -0.99995
-0.79700        1.0000         -0.99994
-0.79500        1.0000         -0.99994
-0.79300        1.0000         -0.99994
-0.79100        1.0000         -0.99994
-0.78900        1.0000         -0.99994
-0.78700        1.0000         -0.99994
-0.78500        1.0000         -0.99994
-0.78300        1.0000         -0.99994
-0.78100        1.0000         -0.99994
-0.77900        1.0000         -0.99994
-0.77700        1.0000         -0.99993
-0.77500        1.0000         -0.99993
-0.77300        1.0000         -0.99993
-0.77100        1.0000         -0.99993
-0.76900        1.0000         -0.99993
-0.76700        1.0000         -0.99993
-0.76500        1.0000         -0.99993
-0.76300        1.0000         -0.99993
-0.76100        1.0000         -0.99993
-0.75900        1.0000         -0.99992
-0.75700        1.0000         -0.99992
-0.75500        1.0000         -0.99992
-0.75300        1.0000         -0.99992
-0.75100        1.0000         -0.99992
-0.74900        1.0000         -0.99992
-0.74700        1.0000         -0.99992
-0.74500        1.0000         -0.99992
-0.74300        1.0000         -0.99991
-0.74100        1.0000         -0.99991
-0.73900        1.0000         -0.99991
-0.73700        1.0000         -0.99991
-0.73500        1.0000         -0.99991
-0.73300        1.0000         -0.99991
-0.73100        1.0000         -0.99991
-0.72900        1.0000         -0.99990
-0.72700        1.0000         -0.99990
-0.72500        1.0000         -0.99990
-0.72300        1.0000         -0.99990
-0.72100        1.0000         -0.99990
-0.71900        1.0000         -0.99989
-0.71700        1.0000         -0.99989
-0.71500        1.0000         -0.99989
-0.71300        1.0000         -0.99989
-0.71100        1.0000         -0.99989
-0.70900        1.0000         -0.99988
-0.70700        1.0000         -0.99988
-0.70500        1.0000         -0.99988
-0.70300        1.0000         -0.99987
-0.70100        1.0000         -0.99987
-0.69900        1.0000         -0.99987
-0.69700        1.0000         -0.99986
-0.69500        1.0000         -0.99986
-0.69300        1.0000         -0.99985
-0.69100        1.0000         -0.99984
-0.68900        1.0000         -0.99983
-0.68700        1.0000         -0.99983
-0.68500        1.0000         -0.99982
-0.68300        1.0000         -0.99981
-0.68100        1.0000         -0.99980
-0.67900        1.0000         -0.99978
-0.67700        1.0000         -0.99977
-0.67500        1.0000         -0.99976
-0.67300        1.0000         -0.99974
-0.67100        1.0000         -0.99972
-0.66900        1.0000         -0.99970
-0.66700        1.0000         -0.99968
-0.66500        1.0000         -0.99966
-0.66300        1.0000         -0.99964
-0.66100        1.0000         -0.99961
-0.65900        1.0000         -0.99958
-0.65700        1.0000         -0.99955
-0.65500        1.0000         -0.99952
-0.65300        1.0000         -0.99949
-0.65100        1.0000         -0.99945
-0.64900        1.0000         -0.99942
-0.64700        1.0000         -0.99938
-0.64500        1.0000         -0.99934
-0.64300        1.0000         -0.99930
-0.64100        1.0000         -0.99926
-0.63900        1.0000         -0.99921
-0.63700        1.0000         -0.99917
-0.63500        1.0000         -0.99912
-0.63300        1.0000         -0.99907
-0.63100        1.0000         -0.99902
-0.62900        1.0000         -0.99898
-0.62700        1.0000         -0.99893
-0.62500        1.0000         -0.99887
-0.62300        1.0000         -0.99882
-0.62100        1.0000         -0.99877
-0.61900        1.0000         -0.99872
-0.61700        1.0000         -0.99866
-0.61500        1.0000         -0.99860
-0.61300        1.0000         -0.99854
-0.61100        1.0000         -0.99847
-0.60900        1.0000         -0.99840
-0.60700        1.0000         -0.99833
-0.60500        1.0000         -0.99825
-0.60300        1.0000         -0.99816
-0.60100        1.0000         -0.99808
-0.59900        1.0000         -0.99799
-0.59700        1.0000         -0.99789
-0.59500        1.0000         -0.99777
-0.59300        1.0000         -0.99764
-0.59100        1.0000         -0.99749
-0.58900        1.0000         -0.99732
-0.58700        1.0000         -0.99714
-0.58500        1.0000         -0.99694
-0.58300        1.0000         -0.99672
-0.58100        1.0000         -0.99649
-0.57900        1.0000         -0.99625
-0.57700        1.0000         -0.99598
-0.57500        1.0000         -0.99566
-0.57300        1.0000         -0.99530
-0.57100        1.0000         -0.99490
-0.56900        1.0000         -0.99445
-0.56700        1.0000         -0.99395
-0.56500        1.0000         -0.99341
-0.56300        1.0000         -0.99282
-0.56100        1.0000         -0.99219
-0.55900        1.0000         -0.99166
-0.55700        1.0000         -0.99113
-0.55500        1.0000         -0.99040
-0.55300        1.0000         -0.98948
-0.55100        1.0000         -0.98837
-0.54900        1.0000         -0.98706
-0.54700        1.0000         -0.98556
-0.54500        1.0000         -0.98387
-0.54300        1.0000         -0.98198
-0.54100        1.0000         -0.97990
-0.53900        1.0000         -0.97953
-0.53700        1.0000         -0.97969
-0.53500        1.0000         -0.97811
-0.53300        1.0000         -0.97478
-0.53100        1.0000         -0.96972
-0.52900        1.0000         -0.96290
-0.52700        1.0000         -0.95435
-0.52500        1.0000         -0.94405
-0.52300        1.0000         -0.93200
-0.52100        1.0000         -0.91821
-0.51900        1.0000         -0.91294
-0.51700        1.0000         -0.90355
-0.51500        1.0000         -0.87557
-0.51300        1.0000         -0.82900
-0.51100        1.0000         -0.76383
-0.50900        1.0000         -0.68007
-0.50700        1.0000         -0.57772
-0.50500        1.0000         -0.45678
-0.50300        1.0000         -0.31725
-0.50100        1.0000         -0.15913
-0.49900        1.0000         0.021277
-0.49700        1.0000         0.19528
-0.49500        1.0000         0.34965
-0.49300        1.0000         0.48436
-0.49100        1.0000         0.59943
-0.48900        1.0000         0.69484
-0.48700        1.0000         0.77062
-0.48500        1.0000         0.82674
-0.48300        1.0000         0.86322
-0.48100        1.0000         0.88005
-0.47900        1.0000         0.89023
-0.47700        1.0000         0.90695
-0.47500        1.0000         0.92162
-0.47300        1.0000         0.93425
-0.47100        1.0000         0.94483
-0.46900        1.0000         0.95337
-0.46700        1.0000         0.95986
-0.46500        1.0000         0.96430
-0.46300        1.0000         0.96670
-0.46100        1.0000         0.96705
-0.45900        1.0000         0.96777
-0.45700        1.0000         0.97021
-0.45500        1.0000         0.97242
-0.45300        1.0000         0.97439
-0.45100        1.0000         0.97613
-0.44900        1.0000         0.97762
-0.44700        1.0000         0.97888
-0.44500        1.0000         0.97989
-0.44300        1.0000         0.98067
-0.44100        1.0000         0.98122
-0.43900        1.0000         0.98176
-0.43700        1.0000         0.98246
-0.43500        1.0000         0.98311
-0.43300        1.0000         0.98372
-0.43100        1.0000         0.98429
-0.42900        1.0000         0.98481
-0.42700        1.0000         0.98529
-0.42500        1.0000         0.98573
-0.42300        1.0000         0.98612
-0.42100        1.0000         0.98647
-0.41900        1.0000         0.98680
-0.41700        1.0000         0.98712
-0.41500        1.0000         0.98743
-0.41300        1.0000         0.98772
-0.41100        1.0000         0.98800
-0.40900        1.0000         0.98826
-0.40700        1.0000         0.98851
-0.40500        1.0000         0.98874
-0.40300        1.0000         0.98895
-0.40100        1.0000         0.98914
-0.39900        1.0000         0.98933
-0.39700        1.0000         0.98950
-0.39500        1.0000         0.98967
-0.39300        1.0000         0.98983
-0.39100        1.0000         0.98998
-0.38900        1.0000         0.99012
-0.38700        1.0000         0.99025
-0.38500        1.0000         0.99037
-0.38300        1.0000         0.99049
-0.38100        1.0000         0.99059
-0.37900        1.0000         0.99069
-0.37700        1.0000         0.99078
-0.37500        1.0000         0.99086
-0.37300        1.0000         0.99094
-0.37100        1.0000         0.99102
-0.36900        1.0000         0.99109
-0.36700        1.0000         0.99115
-0.36500        1.0000         0.99120
-0.36300        1.0000         0.99125
-0.36100        1.0000         0.99130
-0.35900        1.0000         0.99134
-0.35700        1.0000         0.99137
-0.35500        1.0000         0.99140
-0.35300        1.0000         0.99143
-0.35100        1.0000         0.99145
-0.34900        1.0000         0.99147
-0.34700        1.0000         0.99148
-0.34500        1.0000         0.99149
-0.34300        1.0000         0.99149
-0.34100        1.0000         0.99149
-0.33900        1.0000         0.99149
-0.33700        1.0000         0.99148
-0.33500        1.0000         0.99147
-0.33300        1.0000         0.99145
-0.33100        1.0000         0.99143
-0.32900        1.0000         0.99140
-0.32700        1.0000         0.99138
-0.32500        1.0000         0.99134
-0.32300        1.0000         0.99131
-0.32100        1.0000         0.99127
-0.31900        1.0000         0.99122
-0.31700        1.0000         0.99118
-0.31500        1.0000         0.99113
-0.31300        1.0000         0.99107
-0.31100        1.0000         0.99101
-0.30900        1.0000         0.99095
-0.30700        1.0000         0.99088
-0.30500        1.0000         0.99081
-0.30300        1.0000         0.99073
-0.30100        1.0000         0.99065
-0.29900        1.0000         0.99057
-0.29700        1.0000         0.99048
-0.29500        1.0000         0.99039
-0.29300        1.0000         0.99029
-0.29100        1.0000         0.99019
-0.28900        1.0000         0.99009
-0.28700        1.0000         0.98998
-0.28500        1.0000         0.98987
-0.28300        1.0000         0.98975
-0.28100        1.0000         0.98963
-0.27900        1.0000         0.98950
-0.27700        1.0000         0.98937
-0.27500        1.0000         0.98923
-0.27300        1.0000         0.98909
-0.27100        1.0000         0.98894
-0.26900        1.0000         0.98879
-0.26700        1.0000         0.98863
-0.26500        1.0000         0.98847
-0.26300        1.0000         0.98830
-0.26100        1.0000         0.98812
-0.25900        1.0000         0.98794
-0.25700        1.0000         0.98776
-0.25500        1.0000         0.98757
-0.25300        1.0000         0.98737
-0.25100        1.0000         0.98716
-0.24900        1.0000         0.98695
-0.24700        1.0000         0.98673
-0.24500        1.0000         0.98651
-0.24300        1.0000         0.98628
-0.24100        1.0000         0.98604
-0.23900        1.0000         0.98579
-0.23700        1.0000         0.98554
-0.23500        1.0000         0.98528
-0.23300        1.0000         0.98501
-0.23100        1.0000         0.98472
-0.22900        1.0000         0.98443
-0.22700        1.0000         0.98413
-0.22500        1.0000         0.98383
-0.22300        1.0000         0.98351
-0.22100        1.0000         0.98318
-0.21900        1.0000         0.98285
-0.21700        1.0000         0.98250
-0.21500        1.0000         0.98214
-0.21300        1.0000         0.98176
-0.21100        1.0000         0.98137
-0.20900        1.0000         0.98096
-0.20700        1.0000         0.98054
-0.20500        1.0000         0.98010
-0.20300        1.0000         0.97965
-0.20100        1.0000         0.97918
-0.19900        1.0000         0.97870
-0.19700        1.0000         0.97820
-0.19500        1.0000         0.97768
-0.19300        1.0000         0.97712
-0.19100        1.0000         0.97654
-0.18900        1.0000         0.97592
-0.18700        1.0000         0.97528
-0.18500        1.0000         0.97461
-0.18300        1.0000         0.97392
-0.18100        1.0000         0.97319
-0.17900        1.0000         0.97245
-0.17700        1.0000         0.97166
-0.17500        1.0000         0.97081
-0.17300        1.0000         0.96989
-0.17100        1.0000         0.96892
-0.16900        1.0000         0.96789
-0.16700        1.0000         0.96680
-0.16500        1.0000         0.96565
-0.16300        1.0000         0.96444
-0.16100        1.0000         0.96317
-0.15900        1.0000         0.96185
-0.15700        1.0000         0.96044
-0.15500        1.0000         0.95889
-0.15300        1.0000         0.95722
-0.15100        1.0000         0.95541
-0.14900        1.0000         0.95348
-0.14700        1.0000         0.95141
-0.14500        1.0000         0.94921
-0.14300        1.0000         0.94689
-0.14100        1.0000         0.94443
-0.13900        1.0000         0.94187
-0.13700        1.0000         0.93910
-0.13500        1.0000         0.93606
-0.13300        1.0000         0.93276
-0.13100        1.0000         0.92920
-0.12900        1.0000         0.92537
-0.12700        1.0000         0.92128
-0.12500        1.0000         0.91692
-0.12300        1.0000         0.91230
-0.12100        1.0000         0.90741
-0.11900        1.0000         0.90228
-0.11700        1.0000         0.89674
-0.11500        1.0000         0.89072
-0.11300        1.0000         0.88424
-0.11100        1.0000         0.87728
-0.10900        1.0000         0.86984
-0.10700        1.0000         0.86194
-0.10500        1.0000         0.85356
-0.10300        1.0000         0.84471
-0.10100        1.0000         0.83539
-0.099000       1.0000         0.82554
-0.097000       1.0000         0.81501
-0.095000       1.0000         0.80381
-0.093000       1.0000         0.79192
-0.091000       1.0000         0.77935
-0.089000       1.0000         0.76611
-0.087000       1.0000         0.75219
-0.085000       1.0000         0.73758
-0.083000       1.0000         0.72230
-0.081000       1.0000         0.70634
-0.079000       1.0000         0.68948
-0.077000       1.0000         0.67178
-0.075000       1.0000         0.65347
-0.073000       1.0000         0.63458
-0.071000       1.0000         0.61508
-0.069000       1.0000         0.59498
-0.067000       1.0000         0.57428
-0.065000       1.0000         0.55299
-0.063000       1.0000         0.53110
-0.061000       1.0000         0.50860
-0.059000       1.0000         0.48532
-0.057000       1.0000         0.46178
-0.055000       1.0000         0.43838
-0.053000       1.0000         0.41510
-0.051000       1.0000         0.39195
-0.049000       1.0000         0.36893
-0.047000       1.0000         0.34604
-0.045000       1.0000         0.32328
-0.043000       1.0000         0.30064
-0.041000       1.0000         0.27813
-0.039000       1.0000         0.25602
-0.037000       1.0000         0.23492
-0.035000       1.0000         0.21476
-0.033000       1.0000         0.19554
-0.031000       1.0000         0.17727
-0.029000       1.0000         0.15994
-0.027000       1.0000         0.14355
-0.025000       1.0000         0.12810
-0.023000       1.0000         0.11360
-0.021000       1.0000         0.10004
-0.019000       1.0000         0.087661
-0.017000       1.0000         0.076659
-0.015000       1.0000         0.066872
-0.013000       1.0000         0.058299
-0.011000       1.0000         0.050941
-0.0090000      1.0000         0.044797
-0.0070000      1.0000         0.039867
-0.0050000      1.0000         0.036151
-0.0030000      1.0000         0.033650
-0.0010000      1.0000         0.032363
0.0010000       1.0000         0.032363
0.0030000       1.0000         0.033650
0.0050000       1.0000         0.036151
0.0070000       1.0000         0.039867
0.0090000       1.0000         0.044797
0.011000        1.0000         0.050941
0.013000        1.0000         0.058299
0.015000        1.0000         0.066872
0.017000        1.0000         0.076659
0.019000        1.0000         0.087661
0.021000        1.0000         0.10004
0.023000        1.0000         0.11360
0.025000        1.0000         0.12810
0.027000        1.0000         0.14355
0.029000        1.0000         0.15994
0.031000        1.0000         0.17727
0.033000        1.0000         0.19554
0.035000        1.0000         0.21476
0.037000        1.0000         0.23492
0.039000        1.0000         0.25602
0.041000        1.0000         0.27813
0.043000        1.0000         0.30064
0.045000        1.0000         0.32328
0.047000        1.0000         0.34604
0.049000        1.0000         0.36893
0.051000        1.0000         0.39195
0.053000        1.0000         0.41510
0.055000        1.0000         0.43838
0.057000        1.0000         0.46178
0.059000        1.0000         0.48532
0.061000        1.0000         0.50860
0.063000        1.0000         0.53110
0.065000        1.0000         0.55299
0.067000        1.0000         0.57428
0.069000        1.0000         0.59498
0.071000        1.0000         0.61508
0.073000        1.0000         0.63458
0.075000        1.0000         0.65347
0.077000        1.0000         0.67178
0.079000        1.0000         0.68948
0.081000        1.0000         0.70634
0.083000        1.0000         0.72230
0.085000        1.0000         0.73758
0.087000        1.0000         0.75219
0.089000        1.0000         0.76611
0.091000        1.0000         0.77935
0.093000        1.0000         0.79192
0.095000        1.0000         0.80381
0.097000        1.0000         0.81501
0.099000        1.0000         0.82554
0.10100         1.0000         0.83539
0.10300         1.0000         0.84471
0.10500         1.0000         0.85356
0.10700         1.0000         0.86194
0.10900         1.0000         0.86984
0.11100         1.0000         0.87728
0.11300         1.0000         0.88424
0.11500         1.0000         0.89072
0.11700         1.0000         0.89674
0.11900         1.0000         0.90228
0.12100         1.0000         0.90741
0.12300         1.0000         0.91230
0.12500         1.0000         0.91692
0.12700         1.0000         0.92128
0.12900         1.0000         0.92537
0.13100         1.0000         0.92920
0.13300         1.0000         0.93276
0.13500         1.0000         0.93606
0.13700         1.0000         0.93910
0.13900         1.0000         0.94187
0.14100         1.0000         0.94443
0.14300         1.0000         0.94689
0.14500         1.0000         0.94921
0.14700         1.0000         0.95141
0.14900         1.0000         0.95348
0.15100         1.0000         0.95541
0.15300         1.0000         0.95722
0.15500         1.0000         0.95889
0.15700         1.0000         0.96044
0.15900         1.0000         0.96185
0.16100         1.0000         0.96317
0.16300         1.0000         0.96444
0.16500         1.0000         0.96565
0.16700         1.0000         0.96680
0.16900         1.0000         0.96789
0.17100         1.0000         0.96892
0.17300         1.0000         0.96989
0.17500         1.0000         0.97081
0.17700         1.0000         0.97166
0.17900         1.0000         0.97245
0.18100         1.0000         0.97319
0.18300         1.0000         0.97392
0.18500         1.0000         0.97461
0.18700         1.0000         0.97528
0.18900         1.0000         0.97592
0.19100         1.0000         0.97654
0.19300         1.0000         0.97712
0.19500         1.0000         0.97768
0.19700         1.0000         0.97820
0.19900         1.0000         0.97870
0.20100         1.0000         0.97918
0.20300         1.0000         0.97965
0.20500         1.0000         0.98010
0.20700         1.0000         0.98054
0.20900         1.0000         0.98096
0.21100         1.0000         0.98137
0.21300         1.0000         0.98176
0.21500         1.0000         0.98214
0.21700         1.0000         0.98250
0.21900         1.0000         0.98285
0.22100         1.0000         0.98318
0.22300         1.0000         0.98351
0.22500         1.0000         0.98383
0.22700         1.0000         0.98413
0.22900         1.0000         0.98443
0.23100         1.0000         0.98472
0.23300         1.0000         0.98501
0.23500         1.0000         0.98528
0.23700         1.0000         0.98554
0.23900         1.0000         0.98579
0.24100         1.0000         0.98604
0.24300         1.0000         0.98628
0.24500         1.0000         0.98651
0.24700         1.0000         0.98673
0.24900         1.0000         0.98695
0.25100         1.0000         0.98716
0.25300         1.0000         0.98737
0.25500         1.0000         0.98757
0.25700         1.0000         0.98776
0.25900         1.0000         0.98794
0.26100         1.0000         0.98812
0.26300         1.0000         0.98830
0.26500         1.0000         0.98847
0.26700         1.0000         0.98863
0.26900         1.0000         0.98879
0.27100         1.0000         0.98894
0.27300         1.0000         0.98909
0.27500         1.0000         0.98923
0.27700         1.0000         0.98937
0.27900         1.0000         0.98950
0.28100         1.0000         0.98963
0.28300         1.0000         0.98975
0.28500         1.0000         0.98987
0.28700         1.0000         0.98998
0.28900         1.0000         0.99009
0.29100         1.0000         0.99019
0.29300         1.0000         0.99029
0.29500         1.0000         0.99039
0.29700         1.0000         0.99048
0.29900         1.0000         0.99057
0.30100         1.0000         0.99065
0.30300         1.0000         0.99073
0.30500         1.0000         0.99081
0.30700         1.0000         0.99088
0.30900         1.0000         0.99095
0.31100         1.0000         0.99101
0.31300         1.0000         0.99107
0.31500         1.0000         0.99113
0.31700         1.0000         0.99118
0.31900         1.0000         0.99122
0.32100         1.0000         0.99127
0.32300         1.0000         0.99131
0.32500         1.0000         0.99134
0.32700         1.0000         0.99138
0.32900         1.0000         0.99140
0.33100         1.0000         0.99143
0.33300         1.0000         0.99145
0.33500         1.0000         0.99147
0.33700         1.0000         0.99148
0.33900         1.0000         0.99149
0.34100         1.0000         0.99149
0.34300         1.0000         0.99149
0.34500         1.0000         0.99149
0.34700         1.0000         0.99148
0.34900         1.0000         0.99147
0.35100         1.0000         0.99145
0.35300         1.0000         0.99143
0.35500         1.0000         0.99140
0.35700         1.0000         0.99137
0.35900         1.0000         0.99134
0.36100         1.0000         0.99130
0.36300         1.0000         0.99125
0.36500         1.0000         0.99120
0.36700         1.0000         0.99115
0.36900         1.0000         0.99109
0.37100         1.0000         0.99102
0.37300         1.0000         0.99094
0.37500         1.0000         0.99086
0.37700         1.0000         0.99078
0.37900         1.0000         0.99069
0.38100         1.0000         0.99059
0.38300         1.0000         0.99049
0.38500         1.0000         0.99037
0.38700         1.0000         0.99025
0.38900         1.0000         0.99012
0.39100         1.0000         0.98998
0.39300         1.0000         0.98983
0.39500         1.0000         0.98967
0.39700         1.0000         0.98950
0.39900         1.0000         0.98933
0.40100         1.0000         0.98914
0.40300         1.0000         0.98895
0.40500         1.0000         0.98874
0.40700         1.0000         0.98851
0.40900         1.0000         0.98826
0.41100         1.0000         0.98800
0.41300         1.0000         0.98772
0.41500         1.0000         0.98743
0.41700         1.0000         0.98712
0.41900         1.0000         0.98680
0.42100         1.0000         0.98647
0.42300         1.0000         0.98612
0.42500         1.0000         0.98573
0.42700         1.0000         0.98529
0.42900         1.0000         0.98481
0.43100         1.0000         0.98429
0.43300         1.0000         0.98372
0.43500         1.0000         0.98311
0.43700         1.0000         0.98246
0.43900         1.0000         0.98176
0.44100         1.0000         0.98122
0.44300         1.0000         0.98067
0.44500         1.0000         0.97989
0.44700         1.0000         0.97888
0.44900         1.0000         0.97762
0.45100         1.0000         0.97613
0.45300         1.0000         0.97439
0.45500         1.0000         0.97242
0.45700         1.0000         0.97021
0.45900         1.0000         0.96777
0.46100         1.0000         0.96705
0.46300         1.0000         0.96670
0.46500         1.0000         0.96430
0.46700         1.0000         0.95986
0.46900         1.0000         0.95337
0.47100         1.0000         0.94483
0.47300         1.0000         0.93425
0.47500         1.0000         0.92162
0.47700         1.0000         0.90695
0.47900         1.0000         0.89023
0.48100         1.0000         0.88005
0.48300         1.0000         0.86322
0.48500         1.0000         0.82674
0.48700         1.0000         0.77062
0.48900         1.0000         0.69484
0.49100         1.0000         0.59943
0.49300         1.0000         0.48436
0.49500         1.0000         0.34965
0.49700         1.0000         0.19528
0.49900         1.0000         0.021277
0.50100         1.0000         -0.15913
0.50300         1.0000         -0.31725
0.50500         1.0000         -0.45678
0.50700         1.0000         -0.57772
0.50900         1.0000         -0.68007
0.51100         1.0000         -0.76383
0.51300         1.0000         -0.82900
0.51500         1.0000         -0.87557
0.51700         1.0000         -0.90355
0.51900         1.0000         -0.91294
0.52100         1.0000         -0.91821
0.52300         1.0000         -0.93200
0.52500         1.0000         -0.94405
0.52700         1.0000         -0.95435
0.52900         1.0000         -0.96290
0.53100         1.0000         -0.96972
0.53300         1.0000         -0.97478
0.53500         1.0000         -0.97811
0.53700         1.0000         -0.97969
0.53900         1.0000         -0.97953
0.54100         1.0000         -0.97990
0.54300         1.0000         -0.98198
0.54500         1.0000         -0.98387
0.54700         1.0000         -0.98556
0.54900         1.0000         -0.98706
0.55100         1.0000         -0.98837
0.55300         1.0000         -0.98948
0.55500         1.0000         -0.99040
0.55700         1.0000         -0.99113
0.55900         1.0000         -0.99166
0.56100         1.0000         -0.99219
0.56300         1.0000         -0.99282
0.56500         1.0000         -0.99341
0.56700         1.0000         -0.99395
0.56900         1.0000         -0.99445
0.57100         1.0000         -0.99490
0.57300         1.0000         -0.99530
0.57500         1.0000         -0.99566
0.57700         1.0000         -0.99598
0.57900         1.0000         -0.99625
0.58100         1.0000         -0.99649
0.58300         1.0000         -0.99672
0.58500         1.0000         -0.99694
0.58700         1.0000         -0.99714
0.58900         1.0000         -0.99732
0.59100         1.0000         -0.99749
0.59300         1.0000         -0.99764
0.59500         1.0000         -0.99777
0.59700         1.0000         -0.99789
0.59900         1.0000         -0.99799
0.60100         1.0000         -0.99808
0.60300         1.0000         -0.99816
0.60500         1.0000         -0.99825
0.60700         1.0000         -0.99833
0.60900         1.0000         -0.99840
0.61100         1.0000         -0.99847
0.61300         1.0000         -0.99854
0.61500         1.0000         -0.99860
0.61700         1.0000         -0.99866
0.61900         1.0000         -0.99872
0.62100         1.0000         -0.99877
0.62300         1.0000         -0.99882
0.62500         1.0000         -0.99887
0.62700         1.0000         -0.99893
0.62900         1.0000         -0.99898
0.63100         1.0000         -0.99902
0.63300         1.0000         -0.99907
0.63500         1.0000         -0.99912
0.63700         1.0000         -0.99917
0.63900         1.0000         -0.99921
0.64100         1.0000         -0.99926
0.64300         1.0000         -0.99930
0.64500         1.0000         -0.99934
0.64700         1.0000         -0.99938
0.64900         1.0000         -0.99942
0.65100         1.0000         -0.99945
0.65300         1.0000         -0.99949
0.65500         1.0000         -0.99952
0.65700         1.0000         -0.99955
0.65900         1.0000         -0.99958
0.66100         1.0000         -0.99961
0.66300         1.0000         -0.99964
0.66500         1.0000         -0.99966
0.66700         1.0000         -0.99968
0.66900         1.0000         -0.99970
0.67100         1.0000         -0.99972
0.67300         1.0000         -0.99974
0.67500         1.0000         -0.99976
0.67700         1.0000         -0.99977
0.67900         1.0000         -0.99978
0.68100         1.0000         -0.99980
0.68300         1.0000         -0.99981
0.68500         1.0000         -0.99982
0.68700         1.0000         -0.99983
0.68900         1.0000         -0.99983
0.69100         1.0000         -0.99984
0.69300         1.0000         -0.99985
0.69500         1.0000         -0.99986
0.69700         1.0000         -0.99986
0.69900         1.0000         -0.99987
0.70100         1.0000         -0.99987
0.70300         1.0000         -0.99987
0.70500         1.0000         -0.99988
0.70700         1.0000         -0.99988
0.70900         1.0000         -0.99988
0.71100         1.0000         -0.99989
0.71300         1.0000         -0.99989
0.71500         1.0000         -0.99989
0.71700         1.0000         -0.99989
0.71900         1.0000         -0.99989
0.72100         1.0000         -0.99990
0.72300         1.0000         -0.99990
0.72500         1.0000         -0.99990
0.72700         1.0000         -0.99990
0.72900         1.0000         -0.99990
0.73100         1.0000         -0.99991
0.73300         1.0000         -0.99991
0.73500         1.0000         -0.99991
0.73700         1.0000         -0.99991
0.73900         1.0000         -0.99991
0.74100         1.0000         -0.99991
0.74300         1.0000         -0.99991
0.74500         1.0000         -0.99992
0.74700         1.0000         -0.99992
0.74900         1.0000         -0.99992
0.75100         1.0000         -0.99992
0.75300         1.0000         -0.99992
0.75500         1.0000         -0.99992
0.75700         1.0000         -0.99992
0.75900         1.0000         -0.99992
0.76100         1.0000         -0.99993
0.76300         1.0000         -0.99993
0.76500         1.0000         -0.99993
0.76700         1.0000         -0.99993
0.76900         1.0000         -0.99993
0.77100         1.0000         -0.99993
0.77300         1.0000         -0.99993
0.77500         1.0000         -0.99993
0.77700         1.0000         -0.99993
0.77900         1.0000         -0.99994
0.78100         1.0000         -0.99994
0.78300         1.0000         -0.99994
0.78500         1.0000         -0.99994
0.78700         1.0000         -0.99994
0.78900         1.0000         -0.99994
0.79100         1.0000         -0.99994
0.79300         1.0000         -0.99994
0.79500         1.0000         -0.99994
0.79700         1.0000         -0.99994
0.79900         1.0000         -0.99995
0.80100         1.0000         -0.99995
0.80300         1.0000         -0.99995
0.80500         1.0000         -0.99995
0.80700         1.0000         -0.99995
0.80900         1.0000         -0.99995
0.81100         1.0000         -0.99995
0.81300         1.0000         -0.99995
0.81500         1.0000         -0.99995
0.81700         1.0000         -0.99995
0.81900         1.0000         -0.99995
0.82100         1.0000         -0.99996
0.82300         1.0000         -0.99996
0.82500         1.0000         -0.99996
0.82700         1.0000         -0.99996
0.82900         1.0000         -0.99996
0.83100         1.0000         -0.99996
0.83300         1.0000         -0.99996
0.83500         1.0000         -0.99996
0.83700         1.0000         -0.99996
0.83900         1.0000         -0.99996
0.84100         1.0000         -0.99996
0.84300         1.0000         -0.99996
0.84500         1.0000         -0.99996
0.84700         1.0000         -0.99997
0.84900         1.0000         -0.99997
0.85100         1.0000         -0.99997
0.85300         1.0000         -0.99997
0.85500         1.0000         -0.99997
0.85700         1.0000         -0.99997
0.85900         1.0000         -0.99997
0.86100         1.0000         -0.99997
0.86300         1.0000         -0.99997
0.86500         1.0000         -0.99997
0.86700         1.0000         -0.99997
0.86900         1.0000         -0.99997
0.87100         1.0000         -0.99997
0.87300         1.0000         -0.99997
0.87500         1.0000         -0.99997
0.87700         1.0000         -0.99998
0.87900         1.0000         -0.99998
0.88100         1.0000         -0.99998
0.88300         1.0000         -0.99998
0.88500         1.0000         -0.99998
0.88700         1.0000         -0.99998
0.88900         1.0000         -0.99998
0.89100         1.0000         -0.99998
0.89300         1.0000         -0.99998
0.89500         1.0000         -0.99998
0.89700         1.0000         -0.99998
0.89900         1.0000         -0.99998
0.90100         1.0000         -0.99998
0.90300         1.0000         -0.99998
0.90500         1.0000         -0.99998
0.90700         1.0000         -0.99998
0.90900         1.0000         -0.99998
0.91100         1.0000         -0.99998
0.91300         1.0000         -0.99999
0.91500         1.0000         -0.99999
0.91700         1.0000         -0.99999
0.91900         1.0000         -0.99999
0.92100         1.0000         -0.99999
0.92300         1.0000         -0.99999
0.92500         1.0000         -0.99999
0.92700         1.0000         -0.99999
0.92900         1.0000         -0.99999
0.93100         1.0000         -0.99999
0.93300         1.0000         -0.99999
0.93500         1.0000         -0.99999
0.93700         1.0000         -0.99999
0.93900         1.0000         -0.99999
0.94100         1.0000         -0.99999
0.94300         1.0000         -0.99999
0.94500         1.0000         -0.99999
0.94700         1.0000         -0.99999
0.94900         1.0000         -0.99999
0.95100         1.0000         -0.99999
0.95300         1.0000         -0.99999
0.95500         1.0000         -0.99999
0.95700         1.0000         -0.99999
0.95900         1.0000         -0.99999
0.96100         1.0000         -0.99999
0.96300         1.0000         -1.0000
0.96500         1.0000         -1.0000
0.96700         1.0000         -1.0000
0.96900         1.0000         -1.0000
0.97100         1.0000         -1.0000
0.97300         1.0000         -1.0000
0.97500         1.0000         -1.0000
0.97700         1.0000         -1.0000
0.97900         1.0000         -1.0000
0.98100         1.0000         -1.0000
0.98300         1.0000         -1.0000
0.98500         1.0000         -1.0000
0.98700         1.0000         -1.0000
0.98900         1.0000         -1.0000
0.99100         1.0000         -1.0000
0.99300         1.0000         -1.0000
0.99500         1.0000         -1.0000
0.99700         1.0000         -1.0000
0.99900         1.0000         -1.0000
