Step 0: [0.14780737, 0.052395124, 0.03797195, 49.532787, 12.318323]
Step 1000: [0.016649634, 0.0004597328, 0.0003079763, 0.0059815263, 7.202457e-05]
Step 2000: [0.005349919, 0.00031280884, 0.00015851707, 0.0022708243, 4.5247012e-05]
Step 3000: [0.0025911042, 6.9206035e-05, 0.00012900814, 0.0010165307, 2.0807467e-05]
Step 4000: [0.0028519717, 0.00079366594, 0.001033905, 0.08359486, 0.17944679]
Step 5000: [0.0010808074, 1.5170991e-05, 0.00015288744, 0.00023910077, 1.5249925e-05]
Step 6000: [0.0008023997, 1.5974598e-05, 0.00016581109, 0.00016280846, 1.7191978e-05]
Step 7000: [0.0012550318, 0.00045956284, 0.00021163438, 0.011923894, 0.040055405]
Step 8000: [0.00048871245, 1.3634725e-05, 0.00011593962, 0.00046522156, 0.0006433077]
Step 9000: [0.00038940107, 1.5892712e-05, 0.00010255695, 0.0003277678, 0.0005370348]
Step 10000: [0.00034250983, 2.449645e-05, 0.000116899166, 5.938369e-05, 1.6511103e-05]
Step 10000: [0.00034250983, 2.449645e-05, 0.000116899166, 5.938369e-05, 1.6511103e-05]
Step 10537: [1.5226654e-05, 4.9603506e-07, 1.0463569e-05, 6.0531755e-07, 6.904459e-07]
