x,y,u
-0.160000,-0.330000,1.4297278130e-01
-0.060000,-0.690000,1.1226889388e-01
-0.980000,-0.160000,1.0034691389e-02
0.780000,-0.420000,6.0980763476e-02
-0.620000,0.980000,7.0381517881e-03
0.390000,-0.650000,1.0139593647e-01
-0.440000,-0.770000,8.6265641088e-02
-0.050000,-0.880000,5.4118680732e-02
-0.920000,-0.920000,1.0834491548e-02
-0.350000,-0.050000,1.3607742831e-01
-0.810000,-0.180000,7.9763969317e-02
-0.950000,0.350000,2.1882680034e-02
-0.710000,0.080000,1.0464312216e-01
0.100000,-0.640000,1.1739985707e-01
0.740000,-0.650000,6.4425824124e-02
0.430000,-0.270000,8.7222463143e-02
0.520000,-0.810000,6.2667066890e-02
-0.760000,-0.270000,9.4437557814e-02
-0.980000,-0.480000,9.2165896065e-03
-0.130000,-0.660000,1.1948399681e-01
-0.060000,0.600000,2.1925110598e-02
-0.830000,0.840000,3.0179822224e-02
0.580000,-0.340000,8.5020254184e-02
-0.790000,0.460000,7.0798008749e-02
0.440000,-0.130000,5.0411039804e-02
0.850000,-0.120000,2.2367982618e-02
0.630000,-0.790000,5.9494053730e-02
0.090000,-0.410000,1.3002838317e-01
-0.700000,-0.840000,4.8791369952e-02
-0.660000,-0.740000,7.5177467770e-02
-0.350000,-0.460000,1.4440314593e-01
0.060000,-0.260000,1.1276974609e-01
-0.470000,0.830000,5.1149893955e-02
0.490000,-0.730000,8.1778381778e-02
0.120000,-0.910000,4.0730529347e-02
0.630000,-0.600000,8.4070646200e-02
-0.750000,0.090000,9.4676100351e-02
0.230000,-0.750000,9.0484443134e-02
-0.820000,-0.890000,2.5971274880e-02
-0.120000,-0.330000,1.4005986348e-01
-0.520000,-0.370000,1.3809558019e-01
-0.130000,0.950000,9.6709161668e-03
0.210000,-0.210000,8.6980665594e-02
-0.260000,0.630000,6.8849589985e-02
-0.500000,-0.100000,1.3987679425e-01
0.070000,-0.080000,4.9108109080e-02
-0.150000,0.460000,5.5798762731e-02
-0.340000,-0.770000,9.0029873708e-02
0.650000,-0.280000,6.9690815281e-02
-1.000000,-0.750000,1.5247247293e-18
0.670000,-0.290000,6.8670087994e-02
1.000000,-0.750000,5.4106055973e-19
-0.980000,-0.890000,3.9713493985e-03
-0.350000,-0.870000,5.6562857882e-02
0.510000,-0.330000,9.0632312002e-02
-0.150000,-0.660000,1.1963963107e-01
0.420000,-0.190000,6.9220594739e-02
-0.570000,-0.330000,1.3325369244e-01
-0.590000,0.210000,1.1891930639e-01
0.610000,-0.690000,7.7697958637e-02
-0.360000,-0.120000,1.4184102873e-01
-0.960000,0.350000,1.7703045318e-02
-0.670000,0.240000,1.0663038913e-01
0.360000,-0.670000,1.0037180238e-01
-0.720000,-0.550000,9.1225541024e-02
0.270000,-0.460000,1.2017394977e-01
0.390000,-0.130000,5.2349131728e-02
0.590000,-0.270000,7.4395609034e-02
1.000000,-0.040000,3.9305842869e-21
0.970000,-0.110000,5.4229472995e-03
0.280000,-0.170000,7.0503923431e-02
-0.510000,0.790000,6.0191715286e-02
-0.800000,0.510000,6.5654845605e-02
0.240000,-0.960000,1.8469517865e-02
-0.660000,-0.520000,1.0619626399e-01
0.490000,-0.010000,4.3081496167e-03
-0.530000,-0.260000,1.3966398934e-01
-0.980000,-0.920000,3.1620426363e-03
-0.370000,0.780000,5.8757484638e-02
0.020000,-0.260000,1.1702485370e-01
-1.000000,0.030000,-4.5421407472e-19
-0.780000,-0.560000,7.6088471600e-02
0.720000,-0.700000,6.2953207718e-02
-1.000000,0.480000,-3.9305606118e-22
-0.070000,-0.390000,1.3985704423e-01
0.210000,-0.690000,1.0432182326e-01
-0.570000,-0.410000,1.2966207089e-01
-0.620000,0.590000,8.7387340238e-02
-0.670000,0.950000,1.6113228945e-02
-0.480000,-0.610000,1.1850711269e-01
0.440000,-0.970000,1.2818751240e-02
-0.970000,0.790000,8.1773409930e-03
0.070000,-0.620000,1.2154325111e-01
0.450000,-0.260000,8.3854263470e-02
-0.860000,-0.120000,6.2076563647e-02
-0.560000,-0.860000,5.3103882342e-02
-0.930000,-0.570000,2.8495897023e-02
-0.830000,-0.170000,7.2975327042e-02
0.350000,-0.890000,4.4930377968e-02
-0.700000,0.630000,7.4233062405e-02
-0.030000,-0.680000,1.1385700599e-01
0.210000,-0.600000,1.1787073661e-01
-0.310000,0.190000,1.1129934994e-01
0.720000,-0.340000,6.7019987001e-02
0.170000,-0.740000,9.4930518366e-02
0.920000,-0.340000,2.5023787394e-02
0.020000,-0.100000,6.7226638690e-02
0.140000,-0.180000,8.3159230820e-02
0.560000,-0.230000,6.9700311951e-02
-0.460000,0.290000,1.1880979563e-01
-0.640000,-0.070000,1.2238233535e-01
0.640000,-0.690000,7.4381390852e-02
0.440000,-0.520000,1.0758564109e-01
0.590000,-0.880000,4.0552888208e-02
0.020000,-0.220000,1.0809885936e-01
-0.650000,-0.780000,6.7890394106e-02
0.340000,-0.720000,9.2537726991e-02
0.140000,-0.590000,1.2237897754e-01
0.680000,-0.860000,4.0668714564e-02
0.810000,-0.930000,1.6740154108e-02
-0.230000,-0.100000,1.2628948623e-01
0.830000,-0.450000,5.0888464484e-02
-0.240000,0.900000,2.5845944965e-02
-0.820000,0.170000,7.2571864189e-02
0.960000,-0.770000,1.1105836322e-02
0.060000,-0.240000,1.0827786460e-01
-0.730000,0.570000,7.5588064737e-02
-0.660000,-0.620000,9.4922062497e-02
0.900000,-0.210000,2.3951040208e-02
-0.160000,-0.620000,1.2711174981e-01
0.570000,-0.520000,9.4733391059e-02
-0.150000,0.210000,6.7624088688e-02
0.080000,-0.700000,1.0684451371e-01
0.290000,-0.860000,5.6695315675e-02
0.000000,0.900000,-1.0923301568e-19
-0.450000,0.180000,1.2581421555e-01
-0.660000,-0.730000,7.7119131566e-02
-0.420000,-0.090000,1.4169594796e-01
0.390000,-0.270000,8.9945045608e-02
-0.730000,0.870000,3.4094347539e-02
-0.160000,0.290000,6.6730035511e-02
0.340000,-0.590000,1.1133568984e-01
-0.340000,-0.760000,9.2899001564e-02
-0.240000,0.950000,1.3990504352e-02
0.040000,-0.330000,1.2647986827e-01
-0.580000,-0.820000,6.3860566695e-02
-0.740000,-0.520000,8.9123281461e-02
-0.840000,0.710000,4.2702201023e-02
-0.110000,0.790000,2.6239471294e-02
-0.660000,-0.930000,2.5605939752e-02
-0.650000,-0.560000,1.0395856781e-01
0.950000,-0.410000,1.7229936139e-02
0.130000,-0.080000,4.3507183911e-02
0.930000,-0.450000,2.3879884812e-02
-0.610000,0.290000,1.1242987139e-01
0.720000,-0.130000,3.5779125685e-02
-0.580000,-0.500000,1.2130775892e-01
-0.290000,0.900000,2.8445861965e-02
-0.620000,-0.660000,9.4922045830e-02
1.000000,-0.940000,-3.8946480508e-19
0.880000,-0.620000,3.6839260189e-02
-0.610000,-0.810000,6.4311422435e-02
-0.260000,0.080000,1.1076861931e-01
-0.700000,-0.200000,1.1090736278e-01
-0.490000,-0.720000,9.6057448661e-02
0.130000,-0.370000,1.2402504626e-01
-0.690000,0.410000,9.4112205445e-02
0.560000,-0.170000,5.6067301530e-02
-0.450000,-0.810000,7.4091873904e-02
0.590000,-0.870000,4.3343030821e-02
-0.740000,-0.100000,1.0056724859e-01
-0.280000,0.810000,4.6698792464e-02
0.050000,-0.380000,1.3082874539e-01
-0.820000,0.850000,2.9913924435e-02
-0.360000,0.710000,7.0164865392e-02
-0.130000,0.350000,5.3893547422e-02
-0.280000,0.880000,3.2601095783e-02
-0.210000,-0.670000,1.1761051011e-01
0.950000,-0.350000,1.6478661625e-02
0.480000,-0.060000,2.4564564210e-02
0.450000,-0.540000,1.0615215576e-01
-0.940000,0.740000,1.7556165375e-02
-0.830000,-0.960000,1.0223726795e-02
0.080000,-0.420000,1.3120100918e-01
-0.970000,-0.610000,1.2278409024e-02
-0.330000,0.640000,7.7072833363e-02
-0.010000,0.040000,8.0043632305e-03
0.270000,-0.020000,9.9718313397e-03
-0.550000,-0.660000,1.0325064375e-01
0.030000,-0.250000,1.1384539065e-01
0.010000,-0.900000,4.5732870056e-02
0.400000,-0.330000,9.9555154257e-02
-0.150000,-0.880000,5.4371187035e-02
-0.240000,0.040000,1.1049089845e-01
-0.560000,0.620000,8.7480969422e-02
0.190000,-0.900000,4.3931669289e-02
-0.820000,-0.230000,7.6123927501e-02
-0.810000,0.220000,7.4441273712e-02
-0.610000,-0.780000,7.1854678508e-02
-0.820000,-0.450000,7.0974457143e-02
0.050000,-0.730000,1.0070867904e-01
-0.050000,-0.530000,1.3597089709e-01
-0.140000,1.000000,0.0000000000e+00
-0.950000,1.000000,1.8376945133e-19
-0.770000,0.850000,3.4932237154e-02
-0.580000,-0.250000,1.3338518904e-01
-0.600000,0.610000,8.6568686334e-02
0.450000,-0.040000,1.7159386510e-02
-0.120000,0.270000,5.3458454816e-02
-0.400000,-0.210000,1.4697703093e-01
-0.420000,-0.550000,1.3178086744e-01
-0.090000,-0.020000,7.2297689065e-02
-0.810000,-0.440000,7.4513874026e-02
0.330000,-0.770000,8.1743781035e-02
-0.420000,-0.360000,1.4660992407e-01
-0.240000,-0.920000,3.7563171853e-02
-0.880000,-0.580000,4.5653267823e-02
0.900000,-0.610000,3.1779613784e-02
-0.370000,0.380000,1.0611157675e-01
-0.480000,0.720000,7.3521406624e-02
-0.710000,-0.560000,9.2439502729e-02
-0.170000,-0.720000,1.0606796639e-01
0.950000,-0.080000,6.8137176014e-03
-0.940000,0.450000,2.4602974559e-02
-0.350000,0.170000,1.1877984474e-01
-0.140000,0.050000,7.8878523487e-02
-0.440000,0.260000,1.2016850780e-01
0.150000,-0.680000,1.0857331275e-01
-0.710000,0.700000,6.4556602894e-02
-0.860000,-0.620000,4.9664524219e-02
0.830000,-0.180000,3.2909490836e-02
-0.900000,0.180000,4.4061562082e-02
0.230000,-0.920000,3.5482706679e-02
-0.530000,0.140000,1.2719460423e-01
-0.220000,-0.340000,1.4681486814e-01
-0.950000,-0.520000,2.1715467896e-02
0.320000,-0.900000,4.1899105067e-02
-0.290000,-0.040000,1.2856543247e-01
-0.620000,0.190000,1.1646262848e-01
-0.490000,-0.360000,1.4156300867e-01
-0.520000,-0.500000,1.2892178351e-01
0.980000,-0.460000,7.3097115865e-03
-0.320000,-0.040000,1.3235826779e-01
-0.240000,0.090000,1.0516561972e-01
-0.420000,0.220000,1.2183980522e-01
-0.920000,0.270000,3.4988766222e-02
-0.700000,-0.110000,1.1064898513e-01
-0.230000,-0.330000,1.4698057706e-01
-0.490000,0.150000,1.2795298903e-01
-0.360000,-0.200000,1.4638196121e-01
-0.060000,-0.230000,1.2093883237e-01
0.760000,-0.570000,6.5123517897e-02
-0.490000,0.530000,9.9309016578e-02
-0.910000,-0.990000,1.7688374096e-03
0.690000,-0.640000,7.2940209908e-02
-0.700000,-0.670000,8.1174770035e-02
-0.690000,-0.450000,1.0552034714e-01
0.860000,-0.610000,4.2169590680e-02
0.700000,-0.640000,7.1471035056e-02
-0.140000,-0.730000,1.0344492971e-01
-0.840000,-0.990000,2.5974283239e-03
-0.220000,-0.990000,5.0493463185e-03
0.950000,-0.820000,1.1884237284e-02
-0.650000,-0.010000,1.1921935453e-01
-0.300000,-0.210000,1.4459669682e-01
-0.900000,-0.810000,2.4889883321e-02
-0.920000,0.930000,9.0253813509e-03
-0.320000,0.210000,1.1150012223e-01
-0.210000,-0.460000,1.4512079670e-01
-0.190000,0.870000,2.7850592024e-02
0.020000,-0.920000,3.7312357489e-02
0.880000,-0.330000,3.5091299703e-02
-0.910000,0.320000,3.8145987002e-02
-0.320000,0.420000,9.6583076555e-02
-0.570000,0.530000,9.7308746300e-02
-0.410000,0.830000,4.9957673789e-02
0.000000,0.670000,3.2577324474e-19
0.040000,-0.070000,4.8244950963e-02
-0.140000,-0.860000,6.2098227826e-02
-0.160000,0.440000,5.9704548890e-02
-0.790000,-0.970000,8.8932353202e-03
-0.830000,-0.350000,7.0856995463e-02
-0.170000,-0.520000,1.4016656785e-01
-0.640000,0.660000,7.7104952227e-02
-0.430000,-0.810000,7.4916743771e-02
-0.770000,0.980000,5.7410303674e-03
-0.790000,-0.940000,1.6967220307e-02
-0.670000,0.650000,7.5487852203e-02
0.010000,-0.090000,6.4738699176e-02
-0.800000,0.630000,5.7490581350e-02
0.330000,-0.970000,1.3542411770e-02
-0.670000,0.180000,1.0923470909e-01
0.200000,-0.300000,1.0878029840e-01
0.980000,-0.250000,5.9931991718e-03
-0.730000,0.600000,7.2894532218e-02
0.870000,-0.690000,3.6434662640e-02
0.870000,-0.320000,3.7015896367e-02
-0.600000,-0.520000,1.1638100879e-01
-0.690000,-0.290000,1.1212674496e-01
-0.540000,0.490000,1.0256053415e-01
